300 10000
2 1
3 2
4 3
5 4
6 5
7 6
8 7
9 8
10 9
11 10
12 11
13 12
14 13
15 14
16 15
17 16
18 17
19 18
20 19
21 20
22 21
23 22
24 23
25 24
26 25
27 26
28 27
29 28
30 29
31 30
32 31
33 32
34 33
35 34
36 35
37 36
38 37
39 38
40 39
41 40
42 41
43 42
44 43
45 44
46 45
47 46
48 47
49 48
50 49
51 50
52 51
53 52
54 53
55 54
56 55
57 56
58 57
59 58
60 59
61 60
62 61
63 62
64 63
65 64
66 65
67 66
68 67
69 68
70 69
71 70
72 71
73 72
74 73
75 74
76 75
77 76
78 77
79 78
80 79
81 80
82 81
83 82
84 83
85 84
86 85
87 86
88 87
89 88
90 89
91 90
92 91
93 92
94 93
95 94
96 95
97 96
98 97
99 98
100 99
101 100
102 101
103 102
104 103
105 104
106 105
107 106
108 107
109 108
110 109
111 110
112 111
113 112
114 113
115 114
116 115
117 116
118 117
119 118
120 119
121 120
122 121
123 122
124 123
125 124
126 125
127 126
128 127
129 128
130 129
131 130
132 131
133 132
134 133
135 134
136 135
137 136
138 137
139 138
140 139
141 140
142 141
143 142
144 143
145 144
146 145
147 146
148 147
149 148
150 149
151 150
152 151
153 152
154 153
155 154
156 155
157 156
158 157
159 158
160 159
161 160
162 161
163 162
164 163
165 164
166 165
167 166
168 167
169 168
170 169
171 170
172 171
173 172
174 173
175 174
176 175
177 176
178 177
179 178
180 179
181 180
182 181
183 182
184 183
185 184
186 185
187 186
188 187
189 188
190 189
191 190
192 191
193 192
194 193
195 194
196 195
197 196
198 197
199 198
200 199
201 200
202 201
203 202
204 203
205 204
206 205
207 206
208 207
209 208
210 209
211 210
212 211
213 212
214 213
215 214
216 215
217 216
218 217
219 218
220 219
221 220
222 221
223 222
224 223
225 224
226 225
227 226
228 227
229 228
230 229
231 230
232 231
233 232
234 233
235 234
236 235
237 236
238 237
239 238
240 239
241 240
242 241
243 242
244 243
245 244
246 245
247 246
248 247
249 248
250 249
251 250
252 251
253 252
254 253
255 254
256 255
257 256
258 257
259 258
260 259
261 260
262 261
263 262
264 263
265 264
266 265
267 266
268 267
269 268
270 269
271 270
272 271
273 272
274 273
275 274
276 275
277 276
278 277
279 278
280 279
281 280
282 281
283 282
284 283
285 284
286 285
287 286
288 287
289 288
290 289
291 290
292 291
293 292
294 293
295 294
296 295
297 296
298 297
299 298
300 299
100 200 300 400 500 600 700 800 900 1000 1100 1200 1300 1400 1500 1600 1700 1800 1900 2000 2100 2200 2300 2400 2500 2600 2700 2800 2900 3000 3100 3200 3300 3400 3500 3600 3700 3800 3900 4000 4100 4200 4300 4400 4500 4600 4700 4800 4900 5000 5100 5200 5300 5400 5500 5600 5700 5800 5900 6000 6100 6200 6300 6400 6500 6600 6700 6800 6900 7000 7100 7200 7300 7400 7500 7600 7700 7800 7900 8000 8100 8200 8300 8400 8500 8600 8700 8800 8900 9000 9100 9200 9300 9400 9500 9600 9700 9800 9900 10000 10100 10200 10300 10400 10500 10600 10700 10800 10900 11000 11100 11200 11300 11400 11500 11600 11700 11800 11900 12000 12100 12200 12300 12400 12500 12600 12700 12800 12900 13000 13100 13200 13300 13400 13500 13600 13700 13800 13900 14000 14100 14200 14300 14400 14500 14600 14700 14800 14900 15000 15100 15200 15300 15400 15500 15600 15700 15800 15900 16000 16100 16200 16300 16400 16500 16600 16700 16800 16900 17000 17100 17200 17300 17400 17500 17600 17700 17800 17900 18000 18100 18200 18300 18400 18500 18600 18700 18800 18900 19000 19100 19200 19300 19400 19500 19600 19700 19800 19900 20000 20100 20200 20300 20400 20500 20600 20700 20800 20900 21000 21100 21200 21300 21400 21500 21600 21700 21800 21900 22000 22100 22200 22300 22400 22500 22600 22700 22800 22900 23000 23100 23200 23300 23400 23500 23600 23700 23800 23900 24000 24100 24200 24300 24400 24500 24600 24700 24800 24900 25000 25100 25200 25300 25400 25500 25600 25700 25800 25900 26000 26100 26200 26300 26400 26500 26600 26700 26800 26900 27000 27100 27200 27300 27400 27500 27600 27700 27800 27900 28000 28100 28200 28300 28400 28500 28600 28700 28800 28900 29000 29100 29200 29300 29400 29500 29600 29700 29800 29900 30000
299 1
-2 1
-2 1
-2 1
-2 1
-2 1
-2 1
-2 1
-2 1
-2 1
-2 1
-2 1
-2 1
-2 1
-2 1
-2 1
-2 1
-2 1
-2 1
-2 1
-2 1
-2 1
-2 1
-2 1
-2 1
-2 1
-2 1
-2 1
-2 1
-2 1
-2 1
-2 1
-2 1
-2 1
-2 1
-2 1
-2 1
-2 1
-2 1
-2 1
-2 1
-2 1
-2 1
-2 1
-2 1
-2 1
-2 1
-2 1
-2 1
-2 1
-2 1
-2 1
-2 1
-2 1
-2 1
-2 1
-2 1
-2 1
-2 1
-2 1
-2 1
-2 1
-2 1
-2 1
-2 1
-2 1
-2 1
-2 1
-2 1
-2 1
-2 1
-2 1
-2 1
-2 1
-2 1
-2 1
-2 1
-2 1
-2 1
-2 1
-2 1
-2 1
-2 1
-2 1
-2 1
-2 1
-2 1
-2 1
-2 1
-2 1
-2 1
-2 1
-2 1
-2 1
-2 1
-2 1
-2 1
-2 1
-2 1
-2 1
-2 1
-2 1
-2 1
-2 1
-2 1
-2 1
-2 1
-2 1
-2 1
-2 1
-2 1
-2 1
-2 1
-2 1
-2 1
-2 1
-2 1
-2 1
-2 1
-2 1
-2 1
-2 1
-2 1
-2 1
-2 1
-2 1
-2 1
-2 1
-2 1
-2 1
-2 1
-2 1
-2 1
-2 1
-2 1
-2 1
-2 1
-2 1
-2 1
-2 1
-2 1
-2 1
-2 1
-2 1
-2 1
-2 1
-2 1
-2 1
-2 1
-2 1
-2 1
-2 1
-2 1
-2 1
-2 1
-2 1
-2 1
-2 1
-2 1
-2 1
-2 1
-2 1
-2 1
-2 1
-2 1
-2 1
-2 1
-2 1
-2 1
-2 1
-2 1
-2 1
-2 1
-2 1
-2 1
-2 1
-2 1
-2 1
-2 1
-2 1
-2 1
-2 1
-2 1
-2 1
-2 1
-2 1
-2 1
-2 1
-2 1
-2 1
-2 1
-2 1
-2 1
-2 1
-2 1
-2 1
-2 1
-2 1
-2 1
-2 1
-2 1
-2 1
-2 1
-2 1
-2 1
-2 1
-2 1
-2 1
-2 1
-2 1
-2 1
-2 1
-2 1
-2 1
-2 1
-2 1
-2 1
-2 1
-2 1
-2 1
-2 1
-2 1
-2 1
-2 1
-2 1
-2 1
-2 1
-2 1
-2 1
-2 1
-2 1
-2 1
-2 1
-2 1
-2 1
-2 1
-2 1
-2 1
-2 1
-2 1
-2 1
-2 1
-2 1
-2 1
-2 1
-2 1
-2 1
-2 1
-2 1
-2 1
-2 1
-2 1
-2 1
-2 1
-2 1
-2 1
-2 1
-2 1
-2 1
-2 1
-2 1
-2 1
-2 1
-2 1
-2 1
-2 1
-2 1
-2 1
-2 1
-2 1
-2 1
-2 1
-2 1
-2 1
-2 1
-2 1
-2 1
-2 1
-2 1
-2 1
-2 1
-2 1
-2 1
-2 1
-2 1
-2 1
-2 1
-2 1
-2 1
-2 1
-2 1
-2 1
-2 1
-2 1
-2 1
-2 1
-2 1
-2 1
-2 1
211 10
-36 90
-273 236
-150 102
-105 141
-132 34
-78 175
-157 24
64 105
-83 69
-221 100
-2 143
-263 167
24 9
-193 107
52 123
-282 105
-47 127
-177 111
-81 102
-44 175
-198 95
-74 51
-37 49
-134 136
-71 157
-248 6
25 90
-101 191
-8 66
-142 122
-243 257
-115 39
-53 131
-251 11
9 131
-9 105
23 6
-266 257
-186 121
-163 199
-44 22
-82 133
-221 212
-114 50
-151 72
-102 229
-194 206
-109 98
-62 26
-187 24
159 43
-204 50
68 94
-259 103
-99 265
-57 31
-234 270
-230 60
-106 2
94 84
-186 257
-115 62
-151 113
-120 164
-146 55
-101 114
-121 183
69 12
-50 20
-215 230
-214 217
-80 20
-209 19
24 103
-119 58
-16 15
5 138
-114 44
-1 33
-121 55
-54 1
67 110
-194 111
-124 152
-15 102
-196 48
-100 62
1 160
-49 56
-55 84
-267 63
5 139
-202 77
-92 156
41 51
-137 79
-153 25
34 115
-101 27
25 77
-48 79
-184 162
-226 117
94 2
-46 66
-189 34
123 32
-277 39
93 38
-121 111
104 22
-265 260
-275 136
-83 220
-21 19
-203 202
-80 25
-66 41
-195 181
-127 161
-84 143
-241 9
160 15
-139 100
-120 186
-185 51
-88 234
-217 93
149 17
-236 24
-71 15
181 30
7 8
-194 121
-111 66
-68 191
-192 209
-57 16
-166 1
-57 69
-48 202
-170 79
11 133
-122 100
-221 240
-135 5
-119 161
-172 118
-137 128
-96 123
-156 50
-11 15
20 20
134 16
-102 54
-143 104
19 40
-17 71
-163 9
59 19
-31 122
-252 206
-199 127
-122 64
-90 115
-100 114
-7 38
-79 127
-90 63
-71 78
-178 107
-55 27
7 2
-26 131
-178 177
11 28
-216 31
21 51
-25 97
-9 14
-53 96
-128 82
-195 142
9 32
-180 61
156 30
-131 128
-268 110
-52 4
-11 211
-193 191
-235 50
-59 135
-113 186
-221 3
189 76
-266 167
-119 42
-103 235
-52 63
-131 33
-108 61
-44 6
-20 78
54 31
-174 78
49 116
-145 77
-41 1
-89 192
-250 88
-83 76
48 69
-159 193
-250 106
-113 49
11 178
-66 13
-67 44
0 29
-43 104
-130 136
-156 190
-210 87
84 2
-221 15
15 126
-72 135
-140 103
-143 69
-137 76
-40 152
-153 36
158 26
-246 223
-120 157
-245 147
29 45
-57 14
-207 255
-191 140
-199 206
-179 94
7 20
-80 107
-15 15
-45 38
-7 47
-190 268
-98 43
-217 243
-54 41
-156 152
-109 119
-39 51
-262 277
-64 40
-208 154
-170 82
-105 227
-90 97
-204 109
-94 150
-111 154
-216 146
84 31
-268 262
-220 148
-17 24
-216 68
163 18
-86 26
-182 36
-25 172
-108 39
-34 7
-13 81
-21 143
-99 88
-155 144
-154 131
-246 150
-134 144
-27 78
-172 236
-271 253
-213 25
70 137
-219 177
-148 170
-91 76
-123 129
-200 225
-142 159
-150 58
-107 86
-49 70
4 74
-196 74
-139 109
108 30
-190 49
91 87
-193 90
-176 53
0 3
47 94
-190 99
13 101
-146 49
37 53
-177 161
-206 201
24 19
-151 60
-110 135
87 17
-228 136
-95 190
-99 61
-186 162
-169 128
-184 43
90 136
-165 39
6 46
-45 4
10 64
-109 62
-31 39
18 37
-229 259
-136 19
-104 214
-231 115
-91 1
96 124
-67 23
-141 171
-268 121
-129 82
-10 46
104 55
-266 282
-81 51
-174 156
-16 53
-206 141
-143 118
-98 151
-191 107
27 43
-152 30
109 42
-241 101
-9 185
-160 121
-50 22
-156 132
6 78
-254 94
71 34
-122 101
29 7
-207 247
-89 52
-191 230
-180 124
-61 73
-162 101
-61 68
-18 29
7 30
-132 39
-73 197
-212 218
-158 56
-111 59
45 67
-225 254
-187 182
-131 110
-13 15
-29 48
-149 61
-62 81
-99 167
-77 4
-97 24
-28 176
-109 141
-150 78
-158 220
-75 23
-195 104
-19 129
-86 118
-173 171
-118 60
-197 12
79 10
-49 202
-187 195
-192 197
-186 115
23 53
-222 76
-115 55
-33 237
-255 97
-88 202
-194 181
-158 143
-64 62
-179 151
-183 252
-198 48
-59 69
-44 30
-36 116
-18 93
-114 138
-155 150
-251 8
85 49
41 14
-165 177
-162 117
-187 72
-54 218
-221 200
-94 144
-158 136
-122 26
-5 122
-124 37
-65 113
-203 137
82 25
-179 41
122 11
-99 13
14 11
-132 178
-234 81
30 3
-126 86
-87 168
-174 45
-40 222
-146 131
-40 53
-63 129
-156 17
-151 266
-191 215
-268 161
38 51
-198 75
-2 23
-156 127
-123 185
37 12
-211 4
121 111
-139 25
-164 220
-144 220
-221 155
-140 206
-205 177
-27 33
-221 232
-218 203
-41 49
-199 57
-124 254
-267 83
7 152
-124 80
-92 6
-19 57
-72 191
-206 64
27 23
-176 275
-215 52
102 68
-52 44
-218 164
-94 73
-92 26
-51 171
-136 24
44 89
-228 77
74 61
-191 164
-187 103
43 26
1 8
-60 127
-116 22
-158 194
-87 150
-247 230
-240 212
-191 142
-19 44
-179 184
-233 98
-25 198
-210 49
-111 108
62 105
-254 64
-83 84
54 102
-234 266
-187 158
-235 48
85 71
-200 24
60 28
77 85
-204 188
-210 181
-191 168
-147 38
-81 62
-63 264
-235 234
-198 129
-123 150
-227 133
-111 73
76 18
18 25
-226 263
-148 31
-134 79
-89 120
-125 115
-24 17
-103 227
-166 13
49 81
-85 88
-200 58
-36 8
-28 162
-22 51
-115 40
40 18
4 10
-219 29
23 71
-83 41
-27 190
-199 203
-171 53
-36 58
-29 19
-148 232
-109 104
-168 152
-34 5
-173 36
4 186
-234 202
-149 103
-143 181
-44 102
-249 243
-205 78
-35 115
-100 106
-104 155
-219 72
-56 121
49 45
-266 275
-252 213
-226 8
194 36
-237 219
-211 181
-30 22
36 29
-166 82
-154 139
95 17
-154 135
-192 1
31 27
61 42
-179 132
-116 118
40 47
-245 66
143 42
-230 128
-130 139
-42 67
-153 193
-234 28
111 25
-102 109
-152 56
10 160
-205 59
18 112
-133 57
-76 100
-29 9
-161 24
-8 197
10 51
-83 24
-206 26
-40 213
-110 117
-106 125
-113 150
-27 25
-250 33
-50 89
-56 90
-33 116
-216 67
5 66
-132 225
-58 35
-172 162
-150 221
-137 130
-77 38
-215 187
-176 237
-248 69
35 92
-126 14
54 98
-97 140
-199 65
-60 3
70 120
-255 262
-292 115
-80 71
-55 119
-165 43
123 57
-143 21
-66 254
-241 92
-18 5
-78 69
-103 206
-71 89
-49 93
-273 72
85 107
-143 40
-121 130
-167 137
69 21
-100 3
-120 234
-253 112
43 9
-118 74
-121 157
-70 71
-154 89
-86 116
-21 85
7 86
-238 174
-110 54
-43 73
-172 192
-187 45
8 41
2 163
-291 237
-63 51
-167 17
-18 119
-88 210
-279 92
45 2
-44 93
-122 107
-190 6
80 6
21 78
45 49
-249 155
-135 132
-88 72
-168 101
28 98
-207 197
-204 2
33 8
-16 10
89 79
-70 135
-268 232
-49 32
-162 89
-110 49
18 84
16 69
-193 97
-70 88
-164 117
-91 167
-144 201
-130 41
-193 12
24 174
19 5
-141 136
-189 91
-65 23
48 15
10 96
-133 6
-129 117
-66 46
-66 194
-184 199
-240 222
7 40
-154 107
-10 49
-240 91
-50 30
-96 118
-110 230
-177 80
84 8
-193 66
-58 71
-45 137
41 30
-264 188
6 64
-195 76
-73 157
-249 259
-79 2
-97 111
-174 86
30 148
-21 1
-46 64
-187 78
-142 171
-201 53
29 40
-118 152
-94 93
-137 85
-104 258
-144 37
-141 211
-180 157
-84 29
-117 47
184 5
-257 196
-71 73
-160 217
19 2
-255 47
-32 184
-201 111
-10 77
-31 84
-216 119
-20 34
-143 39
92 111
-201 65
101 33
-222 151
-140 158
-213 83
-76 174
-114 135
-194 162
-148 24
12 207
-227 3
114 97
-154 123
6 11
-233 153
-130 183
-84 14
-35 82
-144 147
-131 110
49 34
-209 71
-100 259
-124 70
-220 181
-3 28
-192 179
-143 96
-136 159
-114 200
-127 52
-83 97
-1 44
-141 12
149 3
-182 157
-109 90
31 24
-255 3
47 204
-61 16
-235 106
-66 48
4 154
-2 9
-194 133
-36 88
-116 31
116 7
-266 95
6 23
-59 204
-25 15
-109 37
-39 126
-282 33
85 59
57 30
-201 221
-125 54
-19 81
-155 101
-6 71
-241 245
-257 202
-26 48
-86 101
-31 10
-184 67
-141 88
-18 114
-124 150
-209 195
-68 87
-12 94
-206 135
-123 141
-117 99
-82 143
-272 62
-26 188
-179 116
-159 101
-70 205
-227 27
163 13
-170 208
-205 133
3 75
-220 51
37 109
-199 132
-184 277
-152 134
-136 110
-189 10
-35 71
-3 36
-84 79
-15 62
-158 43
-18 207
-8 26
-145 88
1 20
-157 73
-9 98
-226 246
-137 148
-187 30
-82 43
158 9
-175 23
-38 243
-125 133
-284 181
-160 132
-29 164
-221 13
24 136
-244 212
-190 174
21 21
-138 90
-132 38
-79 33
129 82
-177 10
-71 89
3 174
-281 75
65 47
-16 88
-170 69
-107 10
-27 175
-136 34
-12 98
-29 6
-168 119
159 1
-60 29
-163 194
-103 111
-155 138
-95 51
-30 40
-40 87
-198 24
-66 105
-153 61
33 30
-127 151
-65 61
-132 255
-56 71
-171 129
-158 182
-200 74
19 101
-243 51
-70 145
-135 36
43 194
-269 112
-52 166
-188 142
-90 185
-190 150
-227 58
-50 10
-28 274
-168 48
-122 119
79 33
-215 130
-170 189
-19 72
-92 118
-157 28
-14 143
-222 16
78 30
-142 85
78 71
-207 211
-251 150
-174 30
201 42
-162 1
-54 126
-77 87
-174 262
-206 37
10 76
-159 210
-177 134
-215 195
-122 93
-162 107
30 36
-56 9
-110 256
-217 20
154 52
-163 160
-239 115
-43 167
-190 155
-128 133
-202 215
-94 75
-242 264
-146 40
-145 7
242 2
-254 73
124 44
-147 156
-255 39
52 137
-237 269
-230 161
-150 130
-172 96
157 26
-165 115
-135 82
-88 177
-259 251
-146 22
-97 206
-200 20
-15 144
-168 110
31 28
-200 227
-222 65
8 102
-166 121
4 141
-226 182
-154 50
30 60
-223 200
-83 67
-134 130
-159 99
-21 64
68 56
-126 79
-111 117
-156 199
-179 16
-27 67
-54 132
-137 71
-143 35
-40 204
-211 22
165 28
-172 178
-246 255
-94 63
-174 207
-96 37
-84 182
-91 69
-86 41
-109 38
-155 14
2 66
-86 217
-123 182
-45 37
-162 36
-1 88
-58 118
-243 75
56 107
-127 26
-170 87
-91 86
-45 72
-83 75
6 30
80 50
-92 1
-117 118
-54 88
-121 139
-43 53
-234 178
-176 77
33 112
37 16
-72 55
-94 105
-84 5
-155 40
-7 71
-78 157
-155 54
-129 46
-53 153
97 7
-136 90
-168 221
-102 88
-17 5
-115 39
-147 21
68 185
-146 89
-161 119
-11 73
-38 39
-40 3
-80 55
9 36
-213 167
-17 76
-90 35
-18 45
28 1
-251 120
56 11
-112 108
8 52
-99 137
-119 21
-120 1
-31 57
-46 20
12 27
54 45
-40 46
-89 168
-178 82
-84 53
-52 180
-247 199
-103 38
-147 196
-225 161
-31 99
-224 121
-46 168
-227 124
-99 155
-141 118
4 74
-132 3
6 5
-7 101
-115 122
-102 67
-196 99
-95 46
47 127
-178 201
-185 3
15 118
-193 194
-170 28
21 88
19 28
-217 67
-50 250
-189 214
-271 63
60 146
-248 11
12 206
-193 190
-95 25
-188 243
-249 50
-9 66
44 25
14 83
-249 180
-187 186
-114 112
-2 14
-35 35
-81 74
-101 58
43 30
-189 215
-239 37
95 2
-13 46
-160 203
-42 61
-261 1
147 109
-102 13
-65 60
38 80
-121 133
-147 46
-164 107
-23 165
-253 85
16 79
-128 206
-119 125
-247 172
-62 46
-92 19
-101 19
203 23
-222 71
-80 108
48 36
-207 149
65 33
-265 80
26 112
-174 211
-223 244
-213 6
36 96
-122 86
5 15
-80 96
-52 65
-199 255
-248 106
-102 79
102 83
-219 221
-234 68
-37 74
-58 151
-157 76
-90 189
-212 75
35 6
-140 207
-160 124
-123 170
-105 83
-75 74
-88 54
-175 66
-12 108
-54 112
-216 257
-176 54
-71 88
68 36
-191 196
-165 91
52 15
-224 35
71 33
-51 118
-181 174
-8 22
-46 41
-37 25
-22 30
-81 27
-210 21
76 119
-146 120
-100 180
-41 28
-97 126
-235 138
84 3
-228 22
-58 154
-7 51
-104 14
-78 98
23 12
-129 49
-95 241
-174 194
-201 59
155 21
-58 1
-233 18
238 20
-229 138
-7 32
-71 77
-47 74
-189 60
-86 33
91 132
-238 13
-55 141
12 59
-153 37
-102 183
-136 158
-150 64
51 90
-144 67
12 88
-161 167
-250 227
-237 44
-36 119
-148 137
-148 18
-6 195
-193 120
-64 122
-113 16
-82 148
-99 144
-201 215
-209 72
-45 138
-103 165
-180 58
-106 244
-199 38
11 2
-40 25
-61 97
-99 172
-171 153
-70 75
-153 240
-268 175
-92 41
-23 60
-131 67
-36 7
-33 99
-51 48
-24 111
-132 133
-116 24
-17 176
-178 143
-220 173
-103 145
-137 157
-217 173
31 5
-232 237
-23 29
-240 184
-190 54
106 18
-24 103
-192 198
-28 25
-250 187
-183 247
-152 92
46 16
-89 47
-20 23
-248 251
-23 18
-156 163
-213 76
-63 60
-62 75
-77 208
-172 50
-71 90
-77 91
-42 139
-265 68
69 53
-150 156
-169 90
-11 175
-119 108
-28 13
-243 28
59 96
-176 146
101 21
-219 123
-159 219
-167 71
-125 203
-146 115
-172 160
-161 250
-39 11
-117 64
-160 241
-70 57
-107 125
-274 9
147 3
-152 78
168 4
-218 169
-121 71
-93 92
-71 158
-237 252
-244 179
-22 84
-63 54
-205 156
-181 18
145 39
-153 210
-128 43
-101 111
-217 196
-40 125
-104 102
-271 226
-234 272
-66 50
-79 20
-159 35
-5 172
-141 42
-133 207
-161 67
-62 35
43 60
-65 91
-216 20
107 117
-149 110
-188 221
-219 153
-158 158
7 78
-52 68
-184 189
-130 94
-81 130
-146 39
-162 100
46 66
-228 262
-224 47
-36 102
27 106
-165 52
-110 216
-93 50
-139 108
-172 40
41 106
-231 120
-59 51
-70 14
139 3
-55 142
-32 22
-173 182
-232 19
-38 20
76 96
-141 38
95 23
-67 110
-87 87
-103 49
-168 123
-61 31
-125 159
-62 158
-221 198
-259 239
-87 76
-95 102
-170 64
-12 74
-128 188
-190 66
-121 259
-174 56
-25 65
-147 66
-98 177
-183 52
38 47
-56 50
-87 165
-207 103
0 141
-226 154
-137 103
-99 47
-64 149
-36 106
-231 53
-59 13
79 36
-136 78
-39 233
-226 1
83 112
-123 150
-219 139
96 4
-91 35
-194 231
-246 231
-84 37
-89 16
20 79
-36 5
-24 57
-133 10
129 49
-98 46
-224 47
14 132
-70 92
-97 18
-145 202
-140 168
-151 19
-50 175
-120 53
-129 71
173 14
-164 86
-161 27
17 97
-112 72
-38 83
-41 29
-61 6
-48 212
-139 106
-250 156
-18 79
-146 182
-50 18
-5 8
-195 98
29 107
-115 131
-108 38
-172 244
-263 217
-160 19
51 18
-97 160
-92 102
-187 76
61 51
-91 73
-191 66
-21 40
-126 89
74 90
-114 7
50 25
-165 202
-228 76
-100 173
-160 120
-72 214
-270 201
0 79
-203 129
-35 27
-141 149
-144 81
-101 111
-130 40
87 99
-242 95
-1 177
-273 19
19 237
-273 105
-51 162
-66 114
-88 27
-51 61
-96 131
-141 30
-42 174
-141 129
-242 20
17 76
-68 188
-148 75
-37 99
-225 225
-122 32
46 17
-206 98
39 102
-201 104
-39 59
-159 197
-171 148
-80 44
-75 84
-161 183
-121 95
-142 82
28 4
-42 43
-51 194
-107 117
-202 46
54 11
-164 140
17 66
-246 196
-134 23
-13 13
87 72
-227 4
184 41
-72 4
-8 54
-202 74
-1 116
-214 11
110 97
-77 18
-103 209
-269 248
-6 35
-267 5
200 1
-112 87
-174 270
-294 101
4 158
-62 6
-65 34
-47 68
-129 84
-139 214
-196 118
25 84
-53 36
-229 238
-16 18
-194 76
-24 175
-115 78
-232 8
-14 41
-18 84
-28 159
-57 52
-65 108
-265 105
-24 43
-125 78
-84 206
-193 51
-62 141
2 26
-168 85
-59 77
130 8
-237 269
-94 12
-18 79
-198 98
-68 183
-109 31
-111 158
-90 33
-71 9
-58 89
-92 112
-163 203
-167 126
-178 233
-149 172
-261 288
-158 45
-26 122
-261 282
-192 21
-103 169
-150 244
-261 103
-78 45
-30 20
-26 202
-9 30
-254 90
-113 3
34 254
-163 120
-108 68
-189 112
-120 160
-149 159
-142 121
-81 16
-57 36
34 179
-268 219
-200 86
-119 51
128 78
-239 21
79 81
-142 57
-90 182
-154 92
-129 240
-213 226
-193 52
-86 233
-265 80
-70 111
-115 3
62 60
-138 187
-178 10
5 116
-135 249
-199 207
-195 20
84 115
-198 90
-88 36
-37 112
-36 24
-194 107
62 26
-125 61
9 127
-259 60
-68 283
-178 49
9 41
-69 132
-177 54
-147 252
-138 140
-120 6
56 41
-222 55
27 74
-173 83
-35 215
-124 111
-243 191
-134 60
60 70
-81 48
-217 267
-232 218
-86 60
-30 30
-175 210
-203 87
129 7
-146 24
84 47
-123 111
-147 21
-119 192
-153 187
-113 65
-30 59
-203 172
-131 67
-84 189
-76 46
-208 70
33 163
-242 213
-96 77
-203 27
112 49
-208 191
-123 37
-48 202
-270 242
-191 147
-40 36
-187 237
-228 210
-117 81
-105 123
-128 204
1 10
-211 171
-226 166
-109 122
-23 96
-207 172
-96 70
-35 24
-179 263
-271 58
45 97
-187 56
8 128
-139 151
-38 57
-110 112
-210 164
-86 39
-81 75
-141 56
-28 206
1 14
-256 163
15 83
-94 2
17 24
-142 121
48 16
-181 140
-135 30
154 8
-280 284
-286 257
-115 129
-176 37
-63 110
-153 198
-177 199
-203 170
9 41
-185 177
-18 49
-262 259
-182 92
-194 148
-37 70
8 6
-141 173
-52 76
-190 5
-64 69
58 150
-80 94
-274 16
64 172
-126 86
-229 166
-64 144
-209 5
-36 236
-229 35
108 130
-273 2
109 40
-76 122
-90 84
-193 36
-12 188
-139 175
-48 76
-262 108
116 45
-101 38
-30 20
-212 189
-128 156
-223 213
18 8
-195 186
-39 8
-15 93
-228 214
-167 117
-66 34
-186 107
19 39
-161 179
-179 280
-245 167
-31 106
-160 17
-79 178
-124 23
15 121
-268 141
-17 13
95 16
-125 72
17 76
-214 24
5 188
-175 82
49 30
-281 282
-186 185
-273 1
262 12
-175 123
-133 164
-214 95
-142 183
-113 121
-72 140
-242 149
-25 60
-78 142
-101 49
-59 80
-197 21
-52 221
-208 235
-51 13
28 42
-240 161
-84 82
-110 87
76 24
-260 32
96 105
-48 42
-137 160
-215 96
-141 37
58 44
60 1
-93 53
-143 14
164 12
-61 111
-224 178
-192 221
-198 201
-115 117
-192 211
-196 172
-176 151
-219 121
-86 137
-27 115
-84 85
-74 85
-205 133
-58 129
-216 60
26 115
-23 20
-181 72
-8 147
-275 177
-158 201
-209 72
-56 159
-184 258
-232 52
100 16
-206 18
55 178
-144 90
-117 36
41 7
44 58
-133 109
-228 119
-112 42
55 50
-60 131
-219 204
-85 2
-72 67
-58 68
-134 266
-93 86
-45 21
-49 10
-49 17
-145 50
-22 210
-232 138
93 1
-183 10
-12 187
-139 118
-87 105
-150 70
-196 281
-243 75
-72 219
-176 109
-125 15
-34 123
2 2
-123 239
-288 69
180 29
-274 77
-48 118
-134 177
-159 21
201 6
-247 42
-17 23
-50 127
-144 34
2 23
41 73
-2 2
-90 66
100 9
-244 193
-207 264
-177 87
-149 52
68 45
-3 66
-192 134
-150 76
-106 8
3 141
-118 229
-272 92
-15 138
-201 107
88 14
-222 83
-74 219
26 8
-222 39
78 84
-94 40
-150 97
82 58
-275 121
101 69
-214 120
-30 119
-287 204
-161 240
-105 36
-218 214
19 40
-83 12
-195 147
-137 7
-4 185
-127 125
-200 237
-168 206
-263 31
-13 17
99 87
-213 266
-152 3
63 33
-225 230
-86 31
-88 12
-101 144
-144 11
181 95
-234 107
33 16
-42 77
-180 72
-84 136
-146 66
49 31
-126 106
-153 226
-127 48
107 12
-273 181
-190 155
-56 89
-34 14
-143 64
-89 3
49 153
-89 81
-179 231
-149 103
30 3
-44 68
-85 112
-230 123
85 12
-170 161
-191 55
-31 181
-253 94
-66 20
-88 64
-41 200
-65 103
-185 136
-201 48
62 6
36 43
-200 235
-68 23
-117 33
-106 75
4 199
-189 22
-89 45
-26 40
66 40
-153 95
-8 76
42 48
-39 7
-92 101
-189 99
13 54
-120 134
-68 75
-77 4
-14 18
12 60
-188 157
-226 176
-139 243
-210 4
72 26
-172 214
-148 85
21 18
-57 11
-117 133
31 56
-246 76
-51 166
-123 82
-58 177
-123 48
-85 85
-139 197
-254 8
188 54
-148 132
-239 16
48 11
-9 122
-104 135
-50 70
-127 115
-13 65
-151 51
-102 6
91 108
-149 18
-54 186
-156 154
-143 73
-14 84
-234 24
67 120
-114 73
-113 146
-163 22
-86 33
74 64
-41 48
-80 18
31 104
-265 19
19 57
-72 254
-264 247
-118 47
-136 82
8 93
-107 142
-105 80
-82 42
-119 38
-138 160
-6 93
-81 49
-128 86
-152 164
-94 30
-7 144
-73 67
-88 109
-182 201
-265 141
-74 102
-23 40
-160 117
-60 169
-279 184
-180 222
-2 29
-219 249
-85 61
-255 74
22 184
-157 139
-230 39
123 55
-242 160
-72 90
-75 134
-167 40
-55 139
-176 101
-43 120
-67 28
-169 209
-109 91
8 29
-217 179
-46 137
-236 65
-38 138
-42 107
-192 174
-167 112
-83 141
-83 86
-244 257
-245 208
-168 158
-219 267
-201 180
-69 87
-147 80
-106 105
-110 134
-12 15
-155 167
-125 149
-267 284
-169 120
-110 24
-76 103
-116 146
-66 29
-145 94
110 16
-199 4
-42 112
-18 1
-1 160
-203 38
-98 174
-109 86
-85 71
-42 159
-149 65
-12 94
-218 116
-96 146
-50 18
-118 120
-5 108
-159 31
-51 8
110 78
-152 25
-165 191
28 15
-24 4
-208 186
-177 253
-161 83
-103 196
-197 145
-179 221
-141 49
83 19
-258 171
-147 149
-96 9
39 85
-201 127
-54 106
-80 95
-203 106
-2 44
-127 6
33 50
76 20
-113 10
-89 216
-99 135
-32 13
-76 26
-171 114
-91 142
-106 2
-59 111
-104 237
-207 60
-88 199
-179 148
-110 53
-103 220
-200 67
92 36
-164 107
-141 120
-186 84
133 57
-285 72
-9 116
-50 145
-253 56
-68 150
29 29
-31 59
-18 10
-185 204
-212 89
-36 174
-256 236
-245 83
-83 175
-85 187
-49 53
-199 163
-232 210
-63 98
-196 220
-260 200
-205 72
122 28
-183 94
-48 81
-121 112
-123 49
57 71
-2 1
-232 213
-172 5
46 22
-118 113
-115 119
33 50
-179 151
-100 169
-218 93
-102 187
-145 98
-152 202
-168 213
-158 152
-111 99
-21 67
-263 213
-104 142
-189 28
82 71
-173 68
69 53
-157 52
-133 58
-30 119
-177 24
39 13
-19 200
-267 234
-194 95
77 36
-130 113
-126 73
-95 39
-88 230
-241 156
-14 67
-163 105
-58 66
-89 153
-233 93
-9 76
-63 1
102 67
-161 54
-122 64
65 80
-209 129
-181 75
114 47
-206 256
-277 38
121 92
-194 188
-199 139
-39 139
-291 15
144 132
-266 267
-187 185
-184 172
-265 110
35 10
-141 32
-41 233
-252 233
-174 128
56 10
-177 43
-23 106
-116 69
-142 34
-33 119
-11 58
-179 147
5 117
-275 204
-131 188
-244 248
-164 75
-127 181
-41 96
-258 264
-167 93
-47 50
-126 78
-97 21
89 13
-8 96
-259 221
39 6
-210 130
-164 88
26 74
-202 247
-203 155
-58 101
-165 92
42 11
-79 79
-230 47
-71 70
162 40
-98 102
-146 4
-43 203
-274 133
-119 1
206 14
-216 254
-242 109
4 109
-149 21
-59 114
-123 114
-110 27
-7 83
-112 96
21 95
-30 28
-171 43
35 22
69 7
-212 133
-85 52
-143 117
61 37
-163 54
-80 143
-6 26
-32 3
-184 288
-223 16
82 60
-23 37
-228 243
-61 77
-270 222
-25 3
-142 27
96 24
-177 58
-63 108
-45 81
-132 255
-267 183
-116 129
-163 134
-78 81
-130 223
-234 205
-101 84
-71 22
-139 75
-95 52
-5 7
-76 162
-43 29
-72 78
-87 164
-230 125
-77 189
-153 5
-5 64
-13 69
-221 173
-38 27
-39 3
-14 165
-257 46
-60 145
-150 35
25 4
98 92
-157 96
-167 256
-285 136
-14 51
-68 150
-226 101
-17 77
45 58
-201 198
-213 43
66 55
-190 197
-164 209
-30 28
-288 216
-119 125
-143 207
-265 145
77 44
-183 53
-15 55
-157 136
-157 211
28 14
-51 72
-140 132
-269 190
-114 4
66 114
-273 234
-47 96
-84 20
-187 176
-143 45
-17 23
-62 167
-205 231
-116 87
-172 149
-168 178
-187 232
-228 79
-12 57
-123 128
-21 147
-181 62
-14 112
-233 29
-16 174
-175 106
-96 110
-65 106
-107 4
-19 187
-258 20
-28 49
109 76
-91 82
-214 186
-92 76
-130 35
157 10
-251 58
41 55
60 65
-265 193
-129 179
-249 76
88 94
-104 54
-172 156
-110 191
-192 10
75 111
-147 141
-246 85
107 22
-167 43
113 17
-107 41
-146 212
-86 36
-159 94
30 102
-228 226
-68 45
-72 122
-288 56
51 102
-141 126
-174 85
122 25
-191 218
-254 2
-29 279
-229 3
-5 110
-71 165
-12 7
-117 106
-49 10
-39 91
-219 232
-203 138
-86 152
-182 36
-99 153
-161 121
-46 81
-47 29
37 61
-85 27
-112 107
-54 57
-77 87
-154 124
-63 78
-190 286
-221 32
62 52
-131 191
-253 248
-120 96
-169 144
-160 165
-55 26
-140 8
-25 236
-75 11
-161 237
-200 18
51 142
-280 141
-12 39
-46 7
-99 150
-157 230
-198 215
-217 191
-102 7
-151 243
-84 70
-223 38
-40 258
-265 64
78 41
-120 103
-143 221
-100 33
-16 94
11 17
-138 41
-114 169
-208 153
-165 139
-110 9
-58 120
-39 97
-81 35
-57 105
-20 33
-193 112
-82 135
-98 31
-53 142
-111 158
-100 49
-176 207
-12 50
-134 95
-151 143
-119 66
-158 68
26 139
-114 167
-276 182
-14 39
-209 260
-222 147
-85 91
-128 84
21 85
-202 30
121 44
-242 223
-222 65
-38 187
-90 129
-152 153
-203 117
-151 19
220 16
-287 55
-56 67
7 166
-182 124
-94 188
-138 75
-212 38
205 35
-215 175
-164 176
-163 111
44 4
-152 16
-86 60
-77 135
-79 26
-50 153
19 57
-174 19
21 161
-249 42
-12 178
-231 34
10 172
-137 76
-104 37
-92 65
64 101
-65 14
3 62
-117 91
-45 94
-78 81
-148 97
-83 141
-56 56
-222 115
-27 106
-49 66
-224 57
40 126
-26 21
-224 6
-10 182
-212 161
50 56
-149 64
32 4
-173 145
-47 6
-141 50
56 137
-233 248
-229 195
-237 272
-109 9
-19 15
-19 41
-188 163
-150 19
84 99
-37 47
-232 163
-153 213
-122 24
-70 154
-204 62
30 183
-261 160
-85 172
-10 28
-298 33
-16 220
-43 55
-58 17
-40 75
-67 91
-247 53
81 126
-242 235
-51 73
-206 19
128 6
-211 211
-48 32
-112 178
-186 43
-112 9
27 19
49 114
-179 155
-210 44
-43 255
-266 254
-89 53
-180 182
-146 81
-81 205
-80 78
-251 229
-253 76
117 36
-205 261
-152 34
-129 232
-267 124
-43 185
-259 47
-33 233
-219 98
70 6
-88 105
-183 58
80 8
-129 94
-133 57
-6 94
-178 99
-23 99
-98 18
-53 174
-144 216
-271 242
-15 22
-261 124
116 13
-218 142
-88 156
-174 27
-78 159
-27 71
-219 65
38 127
-142 41
32 1
53 52
-248 107
-77 10
45 21
117 1
-221 61
4 34
-3 108
-135 178
-207 88
-143 89
-52 126
-100 103
-52 64
-141 187
-160 85
-78 199
-126 53
-101 12
-43 164
-63 92
-169 58
-13 95
-20 42
-262 44
182 14
-206 135
-156 225
-229 47
-4 71
-43 55
-35 118
-124 114
-22 16
-175 57
-80 61
44 159
-117 54
-58 77
-200 266
-147 141
-218 61
-35 29
-92 121
-138 10
178 56
-123 47
-66 118
-203 226
-207 222
-257 203
-106 27
-62 3
-10 14
-73 117
-123 12
201 21
-29 39
-103 38
-183 157
-118 143
-147 102
-22 70
-126 152
-88 10
55 40
-152 214
-246 129
-150 255
-122 6
-160 213
18 32
-117 35
-74 138
-223 28
15 219
-283 263
-194 36
-101 30
141 24
-153 219
-117 31
-186 181
-124 92
1 59
-190 92
-39 160
-100 85
-210 117
-95 1
118 118
-64 38
-242 1
229 63
-116 103
-148 106
-179 111
16 104
-290 164
-63 34
-107 230
-247 109
-28 163
-13 43
-246 15
-13 246
-220 87
35 38
-186 243
-280 204
-68 137
-255 164
-128 26
65 131
-189 35
-109 159
-103 222
-48 22
-95 13
-181 61
71 9
-130 168
-101 84
-27 132
-162 55
-113 25
-8 174
13 3
-231 68
-23 32
-9 10
-43 48
-104 81
24 30
57 94
-109 9
5 60
-212 237
-143 79
-87 137
-74 48
25 24
-109 111
-258 172
-165 55
-37 114
31 57
-224 151
-134 50
37 129
-223 50
10 48
-92 24
77 79
-192 1
-55 144
-16 116
-92 85
48 2
-219 159
-81 84
-219 76
79 106
-217 238
-256 26
-27 194
-199 26
-38 85
-8 15
-31 52
-72 165
20 40
-287 69
-32 85
-88 148
-136 123
-55 70
-59 141
-253 82
-6 201
-64 17
-175 108
-158 137
-99 189
-95 103
25 3
-79 88
-216 103
-24 3
-83 111
0 21
-199 152
-67 81
-141 59
-24 26
61 21
-99 65
-119 112
-59 71
-53 158
-138 158
-102 103
-267 154
-135 76
-93 159
-5 28
-114 116
-159 50
-5 190
-258 270
-239 32
-6 24
-9 35
-55 147
-164 19
88 99
-47 43
-220 132
-15 56
-75 137
-152 103
-194 109
-89 146
-166 14
151 23
-180 184
-140 17
-40 115
18 2
-118 115
-121 68
139 3
-238 191
-158 211
-252 3
131 35
-56 53
-171 150
-78 17
-83 74
-71 272
-149 78
-216 56
-41 269
-173 51
-117 13
146 22
-140 115
-124 7
-66 78
38 112
-243 236
-202 155
43 49
-149 142
-266 177
-71 3
0 76
34 51
-202 21
-101 54
118 18
-113 29
45 96
-105 83
-118 145
-248 204
-140 167
-99 57
-95 191
-190 170
-73 34
-184 154
-84 59
-74 169
-188 171
17 16
-203 108
-191 38
-43 96
36 17
-99 51
-87 102
158 8
-109 35
-147 234
-172 102
-141 22
-99 65
41 157
-273 72
-53 218
-156 154
-231 175
34 28
-205 10
79 19
-144 86
44 16
76 67
-269 30
119 90
-198 114
-94 15
-96 291
-38 9
-170 169
-261 96
-92 121
-19 69
-171 195
-54 37
30 47
-127 73
-163 131
-24 12
-150 279
-209 163
-84 135
-272 199
-207 200
-161 6
114 58
-215 187
-144 216
-231 14
-2 133
-88 100
-28 69
-141 149
-163 90
64 14
-192 42
-36 3
177 7
-191 164
-10 4
-137 45
96 67
-51 13
-142 107
-132 199
-252 176
-202 106
31 52
-194 49
5 108
-108 170
-139 159
-227 160
-91 148
-215 97
-38 181
-65 38
-193 242
-100 16
-177 197
-104 42
85 24
-271 237
-87 1
-149 35
210 32
-151 130
-185 179
-24 41
-156 2
-55 130
69 35
-194 92
-138 112
-54 63
-62 97
-194 200
-84 140
-68 44
-224 84
-100 264
-229 108
-22 149
-244 83
-63 226
-98 62
-206 256
-259 257
-164 27
-35 26
-79 223
-107 90
-161 139
-23 39
-157 84
-78 28
67 53
-220 192
-128 108
-150 84
49 62
-24 24
-50 5
44 35
-122 101
-182 101
-173 223
-22 44
-116 61
-205 11
99 168
-115 10
-129 83
47 74
-153 153
-135 119
-202 154
-23 78
-57 102
-86 1
53 37
-129 65
-82 124
-164 31
8 130
-80 82
-129 113
-233 155
-160 55
-23 112
-150 54
33 165
-222 155
-199 167
-156 86
23 156
-267 181
-157 103
-121 155
6 33
-46 106
-123 118
-240 162
-174 70
22 50
-113 12
-13 251
-124 57
-216 88
29 56
-146 145
-75 187
-214 146
62 8
-269 241
-119 141
-96 53
-166 136
-135 160
-140 147
-76 100
-253 146
-33 93
-101 11
3 27
-1 122
-235 125
-121 21
-73 166
-173 231
-200 158
-123 160
-73 54
9 76
-203 70
43 32
-202 248
-227 213
-226 79
57 44
-219 73
14 99
-113 75
-146 239
-237 272
-251 28
-2 225
-198 68
-25 145
-210 206
-257 60
18 86
-83 151
-90 41
-56 83
-64 126
-265 284
-293 117
-104 251
-139 67
-93 45
36 32
-205 46
-3 196
-93 104
-243 17
118 123
-15 12
-197 53
-127 53
115 73
-166 201
-270 71
-39 7
36 16
18 46
71 11
-190 118
-160 191
-93 23
-3 77
-82 92
-102 10
15 66
24 3
-182 24
7 188
-266 264
-72 7
-95 94
-64 160
-221 23
162 28
-129 12
-122 233
-132 44
10 82
-174 68
-35 59
-149 41
-72 27
-40 227
-185 25
-45 49
111 67
-205 171
-43 16
-25 79
-124 116
-165 213
-221 32
-45 171
-210 43
-57 201
-196 227
-227 228
-29 44
-153 183
-266 3
141 101
-128 114
-187 48
49 52
-80 130
-125 44
-166 106
156 9
-264 119
2 35
-33 9
-150 172
30 35
-181 107
-105 59
4 111
-197 25
79 124
-260 205
-201 230
-171 154
-129 139
-143 192
-230 185
-107 163
-277 268
-213 41
47 77
-232 8
83 41
-60 207
-222 67
33 44
-25 86
-242 63
-86 160
-63 164
-92 41
-211 254
-116 42
-169 96
-61 105
0 16
-75 151
-117 19
-17 8
-107 252
-63 28
-178 106
-134 229
-269 92
-31 57
-63 181
-226 99
29 32
-166 99
44 62
-80 166
-236 199
-206 58
44 82
-177 148
-70 74
-111 98
-166 224
-187 218
-180 97
-154 139
-31 22
-67 125
-135 11
78 82
-57 29
-52 26
-153 197
-245 57
23 87
-164 62
-76 116
-35 163
-9 52
-180 8
-51 213
-235 21
67 5
-11 65
8 48
-255 83
-19 167
-187 243
-232 195
-225 1
97 52
-67 99
-164 83
-56 53
-121 250
-60 105
-150 30
-121 179
-231 290
-107 111
-263 113
-61 211
-151 143
-170 40
-39 1
60 88
-104 123
-149 158
-237 139
-44 119
-75 37
-180 161
-101 128
-133 20
-125 20
69 22
-95 163
70 10
-93 101
-188 189
-254 209
-228 35
80 88
31 4
-166 75
-119 8
137 110
-145 41
-85 90
5 36
-210 197
-59 130
-75 70
-91 88
-42 10
-145 102
-162 7
0 166
-41 51
-199 259
-172 135
-108 115
-163 169
-221 144
6 20
-106 123
-64 35
-194 83
13 23
-99 235
-250 276
-247 134
-33 30
-35 117
-220 46
55 111
-42 17
-117 166
-38 2
-156 78
94 7
-244 216
-193 264
-100 85
-200 36
18 61
-120 106
-40 14
130 12
-255 75
81 94
-181 55
94 4
-196 41
-44 3
113 80
-171 80
-143 179
-139 152
-210 172
10 11
-123 85
14 109
-183 136
-217 200
-122 134
-70 98
-257 94
-82 236
-107 108
-254 273
-261 226
-71 18
-34 139
-37 40
-250 52
-17 28
132 1
-241 127
-48 168
-211 125
-88 23
15 153
-115 48
-135 103
127 6
-278 161
19 43
-103 73
-202 124
-49 202
-269 127
-50 58
-99 149
-166 251
-155 146
-73 17
-217 24
14 203
-244 295
-136 44
-158 63
14 58
-163 213
-225 290
-271 114
-71 54
-116 279
-267 269
-52 18
-247 189
9 76
-67 36
-125 108
-205 37
-19 75
-91 187
-32 53
-211 127
-77 123
21 8
-197 249
-265 273
-209 87
-69 13
-52 2
74 139
9 8
-62 54
-192 127
-118 92
-149 22
108 93
-231 49
-15 24
-22 140
-143 38
-46 121
-97 213
-286 284
-107 91
-181 165
19 10
-132 98
-106 131
-256 197
-111 166
-192 162
-244 114
48 52
-132 26
146 8
-167 95
-80 25
135 5
-263 44
31 99
-57 54
-66 59
-100 128
-57 130
-249 227
-110 56
-99 32
135 20
-269 224
-150 128
-160 12
-68 106
-10 45
-149 106
125 26
-129 78
-207 290
-249 241
-6 4
-132 21
35 37
-157 186
-218 176
-192 259
-298 242
-55 65
-80 32
-178 242
-83 41
-143 6
47 151
-274 244
-237 225
-217 224
-65 99
-227 221
-197 88
108 11
-89 89
-166 38
-63 147
-198 157
-160 60
27 60
0 95
-250 129
-103 145
-1 90
-289 41
13 194
-225 26
187 31
-205 206
-180 131
-76 65
-143 65
-70 41
-92 40
-35 31
112 38
-94 9
67 43
-25 26
-186 190
-227 18
23 176
-197 270
-203 73
9 49
-214 93
39 68
7 42
-49 77
-286 4
108 124
-76 37
-37 43
-205 183
-48 17
-88 217
-66 33
-43 50
-55 35
-179 208
-3 5
-144 24
-95 129
-115 234
-250 116
-86 217
-266 180
-4 15
-169 137
-72 35
-13 125
-58 21
-147 74
47 87
-41 37
-236 32
165 48
-256 136
-138 106
55 79
-115 65
-45 35
-87 12
-36 34
-74 9
135 31
1 31
-222 116
-108 34
93 15
-78 83
-150 29
-78 182
53 24
-223 95
-80 53
130 43
-16 11
-119 113
-226 106
-128 260
-197 138
-196 226
-140 72
31 37
-122 109
-30 38
-48 47
-31 16
-105 5
-83 245
-158 150
-197 138
33 17
-106 50
-149 175
-176 200
-220 12
81 49
-144 129
-153 129
58 59
-245 77
43 74
-151 108
-105 133
-92 109
-161 188
-15 63
-231 34
-71 72
-86 202
-145 55
82 34
-102 135
-219 198
-146 64
-147 183
-50 15
-82 42
47 107
-275 159
-17 15
33 8
-99 122
-128 168
-221 106
-154 123
79 60
-158 92
-3 7
-93 44
-66 190
-272 100
-50 19
3 149
-144 27
-24 209
-234 45
152 12
-64 4
-109 31
-121 41
138 35
-144 169
-82 124
-141 38
-77 129
-150 89
-85 38
-5 77
-145 143
-178 48
2 130
-163 10
108 89
-245 17
-2 150
-110 79
94 42
-129 109
-216 244
-183 117
-53 49
-163 215
-188 74
-109 56
-42 36
153 46
-263 97
-72 35
-20 113
-134 129
63 43
-110 69
-190 136
-30 69
-121 174
-50 59
-107 11
-66 140
-150 65
-147 117
32 30
-202 233
-240 148
-33 178
-171 38
-137 159
-88 75
-59 129
-23 59
-110 113
-140 49
-48 129
-145 30
-129 37
30 164
-160 122
-89 136
-226 134
-104 42
-99 122
-34 12
-51 210
-194 117
7 72
-139 79
-208 14
41 111
-75 124
-78 20
-164 165
-6 127
-269 128
-26 55
-115 5
92 35
-141 15
32 125
-32 62
-23 54
-200 72
-25 108
-207 181
-61 111
-58 71
-49 45
-91 24
-126 85
-46 110
-211 71
116 51
-210 148
-59 43
-1 61
-84 23
-156 83
-7 180
-217 184
-151 160
-132 106
-107 117
-138 3
153 24
-122 115
-126 84
-173 41
-85 225
-230 284
-84 49
-10 36
-185 17
109 61
-255 204
-80 142
-160 14
-135 136
-112 133
-159 5
85 123
-25 66
-234 75
-107 148
-8 37
-101 90
16 94
-274 79
26 133
-16 55
-214 39
20 135
-242 249
-262 268
-122 116
-252 172
-128 32
-4 59
-68 25
171 23
-196 135
-31 92
-55 28
-148 176
-118 27
-183 264
-47 6
-235 60
95 86
-220 61
-68 246
-58 75
-169 111
-12 10
-5 24
-187 16
-14 138
-148 9
4 109
-85 183
-107 58
-61 122
-257 115
78 41
-200 156
11 32
-158 185
-245 233
-200 62
-134 155
-117 211
-155 92
-109 215
-141 94
-102 119
-215 195
-22 11
-98 37
53 43
-225 8
163 64
-157 57
-149 159
-88 146
-142 34
-11 46
52 58
-37 38
-286 106
88 95
-286 71
-17 47
-71 23
-23 35
103 103
-167 153
-127 153
-220 77
48 37
-98 14
104 15
-135 160
-132 15
-95 54
-54 175
-160 32
-74 45
123 30
-212 215
-90 49
-177 96
4 72
-129 90
-96 151
-179 203
-241 279
-165 19
11 80
-132 139
-207 10
-13 115
-38 196
-204 4
-35 33
-44 162
-16 66
-175 90
-80 143
-196 95
71 73
-247 52
-49 114
-46 14
-25 75
-135 247
-278 68
-65 182
-179 68
170 24
-97 59
-44 5
-57 45
-92 3
-45 76
0 57
-131 125
-121 77
-85 24
39 36
-76 52
-41 122
-49 87
44 9
-199 144
-110 80
-27 84
-195 182
-225 32
6 136
-164 183
-207 133
-121 68
-89 13
116 151
-143 41
-138 58
-59 167
-158 81
-73 38
-59 32
64 44
-20 9
-80 199
-253 242
-263 43
-29 68
-83 278
-4 3
-205 136
-183 199
3 6
-156 44
-34 79
-95 132
-208 181
-151 235
-217 2
-54 152
-81 190
-219 80
-79 120
-67 44
-62 42
-67 51
59 122
-140 73
-101 52
-160 211
-212 99
-10 121
-15 67
-107 27
10 34
-167 158
-124 80
-89 47
-28 75
-155 79
-104 147
-32 131
-172 103
-182 1
22 193
-214 203
-114 19
-74 202
-56 18
0 36
-56 53
-188 63
-83 65
-72 232
-185 122
-158 96
-39 167
-222 138
-83 4
45 1
56 84
-259 244
-90 78
-91 107
-183 207
-149 49
-159 119
-141 191
-159 145
-124 148
-20 47
-180 205
-256 48
153 26
-165 39
-68 134
-87 41
137 13
-269 86
-35 3
5 84
83 13
-115 153
-264 120
-128 193
-191 247
-36 19
-220 14
174 13
-150 132
4 80
-127 114
-165 45
-11 97
-136 17
-108 50
15 174
-197 188
-88 60
-170 203
-91 107
-144 103
-90 59
-130 75
-127 150
-34 55
-52 64
-78 94
-86 151
-227 90
-140 153
-34 37
-113 100
-101 158
-25 114
-30 2
17 5
-125 30
-167 56
133 19
-66 127
-175 32
-110 98
-64 203
-211 167
-163 175
-135 173
-206 5
94 112
-47 48
-121 93
-236 48
-49 262
-191 42
-26 155
-216 89
-102 251
-236 165
-222 210
-122 182
-232 155
-82 96
-68 129
-167 49
66 52
-253 240
-242 8
57 88
44 71
-110 23
-130 51
-73 252
-213 180
-229 85
28 99
-39 36
-118 23
59 77
-220 199
-174 197
-92 47
-208 229
-223 75
-103 227
-188 218
-75 13
-136 179
-231 152
-16 21
65 4
-218 2
-26 66
35 194
-101 45
-223 15
-28 202
61 17
-253 261
-207 174
-184 45
-20 61
-91 111
-43 91
-224 52
59 36
-75 120
-115 56
-93 207
-52 75
-210 183
-195 85
16 85
-219 250
-169 138
-177 76
-63 82
-83 97
-119 166
-205 224
-206 7
7 97
-102 29
78 5
-88 184
-228 4
160 9
41 42
-153 60
-76 133
17 20
-263 83
34 13
-78 154
-53 6
-33 74
-114 44
18 99
-231 71
78 75
-124 135
-247 116
1 100
27 24
-246 204
-202 159
-142 113
-39 127
-223 182
-90 116
-193 128
66 23
-183 135
-118 14
21 9
-77 184
-217 156
-179 263
-70 76
-84 86
-154 158
-91 65
-4 34
-232 220
-110 114
-232 24
39 20
-74 204
-144 93
-157 152
-60 42
-1 48
-158 207
-211 189
-81 37
-80 122
-224 164
-55 52
35 52
-203 77
80 12
-210 175
-141 194
-193 12
90 114
-269 32
11 167
-122 52
-1 85
-198 27
10 38
-124 160
-131 91
-120 254
-37 44
-261 126
-72 193
-151 167
-199 49
-21 91
-110 85
-30 135
-198 138
7 35
-227 156
-13 56
-192 71
-34 213
-181 105
-181 31
143 99
-205 115
27 33
-71 25
-130 79
-4 95
-154 146
-39 80
-222 190
-196 41
-67 16
25 90
-101 156
27 2
-169 142
-171 146
-106 113
-147 227
-215 7
141 28
-43 43
-58 83
-159 12
54 111
-239 211
-216 111
-39 136
-167 13
-67 247
-252 32
-34 77
-89 110
-89 174
-192 256
-185 200
-145 110
-177 218
-282 121
-13 115
-169 169
-156 95
-105 133
-18 105
-223 212
-62 29
-191 145
-56 135
-201 154
-194 45
50 86
-3 29
-116 18
-46 13
-103 167
-87 189
-84 101
-236 74
-1 46
35 13
-121 12
77 3
-185 146
-125 155
-173 8
9 120
-9 5
-87 142
-78 67
-135 121
-79 112
-203 235
-72 56
-139 205
-215 21
52 22
-100 85
-105 127
-178 197
2 14
-113 50
-12 14
16 28
-39 65
-54 103
-73 53
-205 52
-64 112
15 29
-194 127
-102 38
153 5
-150 81
-111 15
-34 196
-208 36
-45 81
-12 149
-143 133
-175 16
107 18
-78 122
-173 81
-18 64
-164 74
-37 63
93 14
-129 191
-163 38
64 50
-45 25
-103 100
-122 11
-86 1
44 11
-103 284
-143 35
-116 141
-162 134
-82 193
-78 10
-148 212
-205 175
-198 242
-263 117
-129 60
138 49
-234 229
-165 89
23 40
-177 177
-197 123
-96 4
-43 2
35 194
-263 181
-179 250
-203 124
-82 166
-133 118
-206 21
-61 45
23 37
-31 187
-214 186
-154 119
76 22
-295 195
-20 36
-177 163
-188 84
50 43
-161 24
40 189
-172 35
69 67
-158 13
-43 46
-120 202
-191 134
83 9
-243 25
-32 189
-124 209
-91 62
-166 190
-193 8
130 21
-64 15
-92 171
-248 210
-115 159
-172 124
-126 71
-58 9
-53 200
-166 3
5 146
-181 16
-24 163
-168 225
-194 101
-173 146
-153 76
18 95
-54 131
-279 231
-194 106
26 52
-91 159
-21 25
-135 123
-233 45
-93 156
-11 136
-257 205
-225 222
-78 98
-128 108
-28 44
-194 18
97 11
-169 183
-118 98
39 9
-185 218
-64 64
-167 40
-63 225
-101 42
-152 102
-128 138
-122 219
-173 96
-135 14
-87 193
18 84
-215 182
-93 50
-176 106
-123 13
16 72
-17 157
-181 36
-60 39
-43 219
-243 57
167 17
-258 245
-193 30
-31 162
34 4
-234 5
43 174
-16 45
-158 56
-145 177
-41 86
-124 76
-95 141
-127 146
-253 6
207 41
-161 50
-117 175
-160 52
-89 66
61 94
-182 170
-238 95
-88 147
-48 139
-188 224
-250 69
15 169
-241 63
-5 182
-219 220
-244 71
-75 88
44 14
-55 42
-135 58
10 145
-114 36
-29 82
-183 29
162 43
-175 81
-93 23
-91 90
51 47
-176 147
-63 32
-76 182
-161 26
-19 187
-173 67
-4 116
-47 26
-247 222
-174 81
-139 109
-116 164
-55 179
-254 149
-137 39
53 9
-32 65
-170 272
-44 43
-209 120
-146 137
-48 90
-227 13
82 48
-72 184
-88 37
-121 211
-204 150
-194 229
-254 47
-21 184
-229 284
-130 98
-214 69
-98 241
-61 1
-124 62
92 22
-185 118
-75 60
-106 37
-15 27
9 57
-82 106
-55 113
-171 55
-100 217
-195 219
-260 123
9 113
-204 81
-63 156
-152 151
-167 183
-248 15
63 55
-101 209
-235 162
-171 111
-100 202
-57 104
-70 93
-263 19
-26 271
-154 78
-170 90
131 37
-280 82
43 111
-193 124
-147 235
-156 166
-219 55
77 17
-188 178
-185 123
71 17
15 8
-246 113
-110 280
-144 75
-148 120
-181 255
-112 136
-227 108
-50 122
-204 99
-25 138
-210 199
-76 108
-234 150
-183 246
-124 121
-34 31
-223 34
3 212
-134 50
-168 166
-183 57
15 137
-207 220
-183 109
-140 129
-69 69
-11 116
-89 68
-213 192
-95 126
-190 193
-219 82
-69 49
-79 286
-275 88
68 53
-64 133
-212 216
-216 218
-196 157
-145 28
-1 143
-223 146
-140 2
84 7
-57 179
-230 23
1 66
-61 153
-230 45
53 190
-208 147
29 10
-248 42
82 69
-205 108
-20 195
-222 28
-38 170
-117 188
-25 4
-163 175
-249 63
37 25
-140 44
-16 108
-69 59
74 30
-96 16
79 42
-293 247
-34 2
-183 72
107 43
-209 245
-39 27
-199 187
-159 133
-16 59
-63 73
-274 139
-157 160
-96 63
-112 79
-74 21
-25 101
17 131
-135 10
-134 219
-220 164
6 93
-162 99
-174 182
-203 74
-36 177
-164 219
-212 78
33 54
-45 9
-53 89
-177 78
68 52
-226 75
0 178
-112 122
-205 19
-94 267
-102 70
-127 102
-218 69
83 1
7 110
-265 268
-138 66
17 33
-98 65
-159 219
-163 158
-197 174
-175 79
-120 46
101 63
-239 16
56 213
-55 8
-182 186
-56 65
-44 50
-105 101
-218 180
-194 100
-108 93
-87 105
-65 146
-170 212
-158 128
-3 28
-186 81
-80 9
-58 84
193 1
-155 86
0 31
-145 115
-152 126
-133 28
-30 87
31 72
-248 59
3 182
-200 145
-7 90
-235 90
103 28
-209 173
-68 89
-193 198
-97 114
-132 2
-120 178
-191 106
112 49
-86 104
-122 83
-49 6
-189 85
-46 232
-234 186
-232 136
-97 90
-55 165
-133 72
-185 253
-183 112
-147 3
-38 120
72 18
-184 120
70 53
-191 186
-147 70
-26 48
-155 26
-1 37
33 13
-126 175
-171 106
-24 163
-180 51
-160 30
31 135
-62 2
-48 72
-121 91
-38 78
-101 208
-284 44
42 11
83 17
-71 68
-13 115
-89 77
-231 171
-144 59
-76 79
-119 163
-89 130
-57 115
-64 46
-264 187
0 37
-116 155
-83 94
-113 12
-52 155
-253 175
-84 38
104 37
-104 35
-186 118
-57 159
-216 64
155 8
-256 121
-121 100
-105 120
-117 195
-87 167
-273 179
-113 208
-238 161
27 48
-71 35
-223 183
33 7
-203 187
-38 32
-140 140
-105 23
24 25
-100 82
-170 229
-165 25
126 31
-65 27
-204 284
-281 205
-134 73
-47 43
111 11
-125 106
-230 5
134 15
-137 13
119 69
-32 32
-40 14
-139 21
1 52
-154 60
23 199
-210 168
-151 20
-41 227
-180 156
-189 73
-115 131
-82 194
-189 26
99 59
-224 92
-32 8
-29 138
-183 217
-166 113
-146 137
26 49
-151 126
-179 83
-58 111
-181 256
-138 78
-181 227
-272 230
-127 4
-89 218
-155 10
-9 137
-109 170
-174 98
-200 143
-29 162
-277 95
-85 85
-90 77
-55 244
-257 74
-38 146
-57 72
-90 158
-116 10
-65 113
-178 87
-78 198
-175 204
-95 26
-167 44
-22 220
-278 211
-75 73
42 8
-96 12
-100 77
-119 76
-57 20
-73 204
17 28
-73 42
-214 26
-26 13
240 23
-270 258
-132 72
-216 212
-57 4
-105 71
27 64
-14 42
-117 138
-263 172
-75 186
-285 294
-175 131
-186 223
-80 39
-231 113
35 78
-212 229
-250 44
143 51
-164 105
-82 157
-225 33
193 9
-206 128
-80 156
-163 42
-93 232
-205 7
42 22
120 10
-285 197
-137 223
-140 135
-274 121
-104 239
-250 195
-150 128
-177 75
-34 67
-52 111
-151 273
-108 36
-122 116
-204 39
103 118
-239 69
100 51
-165 203
-245 5
-1 68
-120 117
84 54
-152 9
-19 181
-95 55
-203 179
-191 212
-86 60
-169 121
-97 137
-54 125
-229 132
-127 152
-197 286
-110 39
33 7
-139 41
-130 265
-289 225
-148 38
-17 68
-28 54
-141 13
60 106
-61 40
-92 4
79 87
-149 58
-174 36
-30 106
-32 150
-118 31
-51 65
-158 83
-69 84
-41 198
-219 64
85 42
-103 133
-261 163
-138 27
11 127
-146 144
-194 215
-145 196
-130 53
-193 46
-39 83
120 24
-128 147
-159 87
-187 92
-39 207
-189 107
-47 40
-39 133
-257 128
-31 85
47 26
-109 73
-177 186
-143 52
-65 110
47 24
-228 186
-182 245
-38 17
-245 228
-222 181
-67 67
-164 17
202 26
-143 24
-140 171
-188 111
28 142
-67 15
-110 21
-84 144
-21 63
-203 11
29 112
-129 86
-129 36
171 23
-241 230
-45 71
-172 94
-155 57
-33 150
-159 206
-154 16
103 5
-172 189
-236 45
80 25
-47 141
-148 83
-11 108
-235 147
-16 43
-107 70
-5 92
-172 139
-67 70
-167 146
-171 80
21 113
-247 209
-187 196
-214 206
-234 271
-103 58
-202 8
0 71
51 115
-223 230
-260 68
111 66
-161 63
-74 82
-135 207
-109 5
135 8
-260 18
123 79
-204 144
-131 141
32 43
-253 6
10 111
23 27
-42 54
-195 135
75 77
-188 144
-240 29
130 63
-23 18
-190 14
-36 27
75 65
-143 65
110 2
-53 2
-167 115
-79 108
-27 14
-114 182
-182 4
122 20
-138 142
30 10
-135 126
-65 88
-217 208
-60 77
-4 65
-91 12
-77 161
-192 183
-273 67
-75 14
34 137
-167 42
176 46
-209 146
-188 82
41 11
37 47
-253 53
146 64
-167 46
22 102
-210 235
-97 11
-40 82
-144 183
-198 66
-77 32
-75 206
-204 138
-152 246
-253 168
-153 30
3 28
36 137
-29 48
-232 215
-166 93
-164 14
29 167
-118 20
10 128
-233 201
-193 24
62 145
-137 112
-246 22
-32 292
-267 72
18 65
-105 182
-219 247
-34 9
-94 29
-177 128
-99 63
105 58
-248 179
-53 81
-213 73
146 46
-210 166
-80 51
-191 109
47 24
-123 89
-48 93
-80 8
-41 185
-225 234
-277 217
-85 75
-205 20
30 207
-265 86
-33 180
-108 47
-43 30
-98 128
4 52
-198 179
-32 56
-125 56
-138 203
-219 255
-229 157
-98 135
-118 39
-74 179
-34 1
-57 18
-115 192
-218 201
-241 217
-210 188
-58 86
-124 118
-174 99
-85 207
-132 98
-203 106
-138 264
-192 85
-97 186
-161 62
-146 81
-35 210
-96 71
-47 54
-69 62
-211 176
-52 63
-183 218
-269 182
-47 80
-198 38
14 83
57 2
-28 62
-149 199
-98 43
-199 227
-148 18
48 25
-128 200
-209 24
29 115
-103 120
-58 26
-84 53
-105 19
-70 26
150 41
-144 175
-240 88
-42 160
-85 82
-101 26
53 62
-148 133
-250 93
-81 245
-271 211
-218 128
36 90
-92 14
-43 83
-185 96
8 48
-86 57
-107 206
-237 46
-4 41
164 13
-282 269
-72 88
-212 77
-114 8
-23 183
-151 232
-34 19
-238 157
-169 26
159 16
-41 3
87 14
-20 8
-148 104
-80 106
-31 5
-2 12
-158 143
-80 51
-91 163
-174 97
-92 177
-210 137
-41 8
-115 184
-220 17
25 137
-70 165
-248 7
-4 153
-75 116
-65 42
-190 150
-163 128
-134 260
-77 94
-28 5
-158 66
-158 89
21 160
-199 87
53 58
-161 148
-269 281
-260 40
165 5
-147 17
13 64
-109 202
-237 107
-110 69
-17 120
-153 131
-162 278
-254 94
-16 151
-110 112
-247 57
-32 237
-178 47
-76 13
-2 87
-106 208
-252 239
-151 53
-165 192
-188 231
-218 100
-6 79
-60 53
-132 122
-56 142
-145 63
-184 205
-77 27
-102 101
75 67
-271 7
52 35
85 60
-50 15
-194 137
43 21
-199 67
-45 144
-173 219
-51 12
-78 99
-21 11
-72 93
-194 166
3 37
-209 125
-23 25
-153 167
-108 85
-110 243
-150 124
-158 131
-156 100
-111 169
-3 16
-234 213
-120 29
-58 136
-163 76
-52 153
26 33
-288 214
27 37
-89 53
9 8
-124 111
-88 130
-147 69
-103 132
-152 13
10 44
-112 243
-217 65
74 60
-163 147
-198 148
-178 91
78 55
-251 188
-69 116
-89 143
-136 27
-18 99
-225 49
-55 188
-173 10
10 85
29 103
-118 19
-136 65
78 92
-123 86
-186 35
-34 141
-172 254
-83 49
-235 6
-21 20
99 53
-130 144
-175 188
-28 33
-187 212
-135 180
-128 31
-134 116
-84 186
-29 34
-241 26
32 126
-190 161
-101 46
40 130
-213 98
-39 32
-172 187
-27 87
-121 95
-154 185
-235 250
-272 185
-135 63
-30 141
-160 219
-246 88
10 93
-55 125
-239 70
-87 128
-87 37
-92 71
-39 222
-232 8
-6 123
-97 4
-74 224
-120 161
-196 153
-132 108
-152 210
-31 8
-204 246
-114 49
-65 143
-152 40
-87 134
-176 175
-220 98
-72 245
-232 18
-33 34
88 61
-195 136
-24 38
-39 166
-236 83
75 39
-169 164
-212 215
-114 74
65 14
-220 136
-199 280
-115 72
-95 23
-166 90
-29 26
-36 39
-7 4
-9 195
-147 114
-250 253
-105 128
-186 88
-128 141
-191 209
-100 27
-14 119
-230 50
-2 232
-207 167
-204 58
-85 19
79 2
-27 34
-67 115
-175 143
-145 38
164 83
-239 233
-134 101
-174 157
-185 174
-157 99
7 16
-176 2
271 18
-261 161
50 1
-155 54
4 10
-32 155
-186 190
-282 68
73 103
-54 50
-236 12
178 31
-220 36
-23 229
-212 203
-140 154
-258 65
169 17
-99 140
-195 89
-133 40
-42 174
-213 282
-141 68
-199 150
-112 101
-18 120
-190 38
35 120
-171 57
-69 208
-146 118
-213 204
-176 19
71 70
-228 182
-63 135
-204 178
-219 66
162 43
-128 105
-235 63
93 41
-160 77
68 33
-121 110
-142 161
-33 58
-165 57
-124 134
-180 59
24 183
-152 123
-222 115
33 62
-66 17
-93 101
-92 175
-235 254
-131 88
-132 94
-168 204
-236 104
115 55
-242 184
-31 8
-101 105
-123 199
-121 60
-86 68
-125 62
-34 115
-144 160
-51 69
-159 122
-8 10
-126 146
-228 199
-29 116
-273 109
-69 224
-95 26
-189 137
-67 133
-139 197
-292 224
-165 52
-8 167
-258 222
-215 62
-23 239
-160 21
-94 94
-88 171
-119 69
-163 44
103 81
-223 231
-139 25
-36 4
-41 62
-122 233
-104 25
-97 193
-17 32
-237 45
-33 175
-144 203
-88 88
-147 126
-238 101
-86 38
-63 201
-155 59
-62 139
-169 17
177 23
-104 101
-86 63
-222 92
-28 194
-131 73
-59 34
-17 64
-107 54
42 36
-162 5
-14 184
-137 115
-216 51
-65 221
-110 174
-125 9
-122 108
-50 70
-133 25
39 168
-196 185
-98 79
-161 38
-94 206
-141 60
-104 20
140 35
-165 209
-149 8
-135 137
122 7
-284 24
54 146
-226 241
-169 107
-157 261
-238 61
46 9
-108 47
-69 145
-135 59
64 123
-218 67
115 5
-187 167
-227 114
38 30
-34 56
-78 93
-212 79
139 28
-112 74
-141 158
-159 207
-291 169
-160 221
-166 88
-71 198
-262 253
-250 206
-111 141
-239 106
14 27
-149 200
-86 36
-143 118
28 16
68 36
-211 43
-98 128
-8 152
-253 135
-91 89
-151 44
-30 142
35 6
-65 77
-228 166
-133 154
-108 52
-111 64
-58 83
45 97
-132 5
3 117
-86 10
-131 126
-55 124
-70 68
-20 76
-244 88
-61 20
10 152
-256 45
-34 276
-246 123
-32 16
-76 91
-126 119
-27 86
-198 69
157 17
-33 11
-127 79
-172 136
-126 189
-208 145
46 95
-261 228
-213 137
24 34
-31 15
-140 15
30 116
-233 266
-139 35
-175 106
100 49
-202 167
-163 172
-171 102
-137 183
-154 28
146 37
-240 227
-184 212
-249 41
-7 126
-130 114
75 6
-246 32
41 146
-148 106
-186 51
-40 279
-272 79
-68 26
75 117
-246 119
112 10
31 1
-195 114
-127 136
-200 211
-80 79
-123 5
-48 17
-24 162
37 45
-258 91
-3 112
-173 70
-68 241
-211 72
-114 127
-164 250
-50 55
-260 54
20 163
-69 125
-202 4
-6 188
-230 40
204 6
-289 206
3 45
-244 63
83 93
-145 98
-80 95
-76 72
-200 21
90 57
-57 132
-238 51
142 43
-231 217
-168 88
-140 27
81 73
-89 1
-65 16
-68 37
231 17
-110 6
-3 24
-202 234
-194 95
-73 3
-67 61
-50 173
30 60
-266 232
-19 44
-51 44
-238 4
162 68
-150 113
16 39
-273 124
-82 228
-233 3
-17 213
16 44
-69 35
-67 60
-48 21
-97 72
-3 51
-135 69
40 16
-147 145
-149 7
161 16
-266 151
44 93
-237 34
27 176
-270 270
-142 40
-66 46
-2 39
-176 18
-7 181
-181 135
-49 131
-187 19
39 87
-176 3
182 57
-147 147
-186 179
-137 12
-84 190
-250 80
-59 32
120 53
-144 98
19 19
-81 145
-268 26
133 65
-73 73
-214 98
-73 179
-30 25
-215 132
-108 226
-256 184
-9 101
-283 176
-131 35
-52 159
-147 32
37 26
-48 21
-21 15
-97 18
7 128
10 38
-110 76
-91 96
45 2
-181 19
13 187
-265 51
38 202
-240 94
-46 136
30 27
-179 151
-222 68
-51 54
-36 109
-97 109
-155 198
-181 131
-163 124
-50 104
-207 284
-276 134
-24 174
-236 109
17 28
-129 98
-184 72
-5 42
-105 275
-162 40
-129 120
-81 230
-264 58
-55 182
-160 18
-67 184
-53 2
76 59
-256 113
-25 169
-189 113
-182 12
6 75
-57 97
-145 48
84 127
-197 36
-47 154
-91 81
-86 82
34 62
-163 124
-216 244
-262 154
-168 250
-241 176
-166 137
-55 32
-134 117
24 1
-114 253
-252 168
-182 229
-3 47
-15 9
-202 10
6 67
-32 141
-207 47
18 145
-100 78
-179 49
49 3
-169 99
56 125
-220 7
-24 162
-66 109
-100 31
82 18
-74 33
-207 132
-142 236
-242 141
-98 98
-125 244
-112 85
-153 186
-101 11
-8 3
-143 21
41 136
-133 81
-199 108
0 151
-142 78
-107 170
-122 78
-17 69
-41 8
-164 17
57 74
11 28
-95 114
-218 83
-96 240
-251 5
95 134
-262 78
-85 279
-243 116
105 14
-99 123
-218 34
23 19
-115 43
62 46
-96 63
-95 218
-259 278
-69 61
-251 111
7 22
-72 132
-196 82
89 18
-196 216
-199 62
2 116
-215 222
-197 19
45 171
-89 19
-58 138
-223 29
59 63
-210 251
-144 112
-145 117
-78 76
-170 87
23 124
-145 139
19 8
-257 210
-48 100
-130 118
-202 145
0 61
-147 84
-113 116
-26 82
-50 28
-56 32
-148 189
-121 147
-240 215
-232 104
-131 214
25 44
-88 67
-75 29
-211 41
-7 47
23 99
-132 51
-127 15
108 6
-123 282
-203 200
-241 166
-49 94
-106 33
-106 24
-54 228
-58 40
-66 8
-191 267
-78 8
-44 70
-73 29
-116 214
-163 145
-232 147
8 20
-87 128
-257 92
-60 110
-65 103
-64 41
-15 45
-129 130
-99 129
-42 108
-254 145
-42 51
-132 86
-95 27
150 60
-9 20
-234 135
-27 53
-164 49
-84 223
-65 56
-102 92
-110 113
-85 126
-212 179
-143 100
-96 105
-178 42
29 87
-25 43
60 7
-195 78
-151 193
-96 88
-61 121
-244 178
-150 33
161 61
-67 74
-252 247
-128 48
-185 156
62 45
-267 239
-9 29
-73 44
-126 142
-208 42
40 62
-200 126
-40 33
-105 13
11 80
6 154
-103 48
-114 142
-221 258
-74 9
-174 64
34 4
-16 57
-146 123
-31 121
-220 150
-11 10
22 32
-200 147
-88 99
-17 23
-63 44
-16 80
-134 67
8 78
-219 176
-181 214
-79 23
-54 11
-79 177
-231 254
3 13
-215 85
-135 202
-222 206
-79 108
-179 61
83 54
-83 106
-269 271
-114 47
-201 75
-28 23
-83 10
54 166
-221 56
109 70
-85 31
-195 93
24 136
-48 11
-22 58
-194 88
-109 17
-52 210
-177 68
-4 185
-233 59
3 1
-66 240
-121 30
-144 80
-85 148
-24 111
-273 88
-33 133
-190 74
2 193
-90 62
-25 19
-126 163
-247 189
-213 198
-202 120
-79 130
-85 47
-112 127
-132 145
29 92
-133 3
13 52
-61 114
-248 93
24 10
-149 72
-40 51
-93 43
-14 92
-9 52
-45 162
-189 53
103 16
-170 173
-202 57
45 116
-164 124
-186 35
113 9
-191 211
-200 245
-97 28
-153 61
-37 26
125 30
-191 131
-149 61
-111 224
-202 54
-74 65
146 58
-191 197
-89 48
-197 88
3 104
-123 124
-44 9
39 9
-226 48
-64 230
-136 183
-230 153
-101 51
-147 57
128 13
-118 74
35 88
-281 273
-88 42
-71 18
-148 168
-84 83
-173 1
-13 42
62 148
-248 15
59 151
8 27
-145 66
-164 137
-173 239
-124 7
19 18
-89 185
-183 22
144 2
-136 183
-238 21
145 48
-218 39
-22 49
-108 284
-170 50
-78 13
-85 124
-134 19
76 191
-292 75
-59 91
-32 88
-107 63
75 93
-173 54
-75 114
70 19
-254 2
-14 204
-227 176
-145 20
151 70
-100 21
-34 11
-168 125
-121 278
-257 255
-202 188
-268 228
-179 235
-234 119
-85 134
-106 78
-52 84
-216 176
-18 12
-22 116
-243 76
-42 118
-127 219
-119 96
-246 142
-93 66
4 33
80 43
-4 11
-141 27
-93 111
-154 132
75 15
-250 42
-48 57
133 30
3 34
-73 62
-7 2
-142 111
-98 103
-222 127
-3 17
-46 17
-51 190
-109 144
-258 87
8 170
-115 69
-150 129
-149 144
-111 114
29 36
-229 87
77 45
-263 98
-62 182
-111 90
-105 158
-214 57
115 4
-212 185
-181 256
-66 95
-162 113
-116 129
-209 102
-32 145
-165 70
-125 73
-81 205
-93 43
-10 74
-180 35
-64 5
-17 169
-177 248
-272 43
27 124
-96 143
-226 33
23 6
60 53
-179 244
-87 99
-146 101
-89 25
-148 206
-45 31
-164 242
-70 79
-143 7
35 58
-250 60
61 143
-161 154
-122 127
-7 40
-260 260
-127 124
-124 20
-186 53
-40 8
7 134
-163 125
106 32
-190 159
-84 30
-87 25
82 32
-179 171
-99 63
-133 79
-126 37
113 72
-95 74
-167 12
31 138
-167 183
-225 114
-79 125
-131 12
130 63
-220 77
67 82
-248 168
-20 20
-165 111
-19 82
-88 144
-169 103
39 6
-203 69
9 66
-142 241
-240 241
-258 292
-192 156
-61 7
-106 100
86 5
-139 16
-132 55
104 40
-176 137
-100 178
-255 182
-86 91
-103 162
-184 218
-158 73
-20 88
-237 227
-254 202
-210 287
-281 166
-156 205
-169 112
-37 49
-142 38
126 91
-279 136
-126 6
-33 153
-32 68
-142 245
-272 133
-27 82
-141 119
-87 58
-7 80
-6 34
-209 123
75 39
-117 13
-60 158
-193 141
-149 48
-85 177
-210 141
67 36
-162 53
-62 33
29 32
-60 43
-65 158
-78 108
-230 77
74 89
-200 197
-272 254
-216 96
-123 27
-7 7
2 62
57 109
-265 83
-101 261
-258 82
8 181
-259 135
11 94
-256 188
-117 12
-36 203
-76 38
-99 14
-72 58
61 47
-151 204
-206 75
-98 215
-178 122
-5 37
-234 94
-81 194
33 25
-203 104
82 17
-201 12
136 54
-152 44
-15 143
-274 195
11 57
-162 121
-155 102
-74 173
-254 139
-161 215
-92 129
-209 63
-49 189
-118 84
-176 239
-149 67
-191 236
-172 70
-138 97
102 67
-84 36
49 18
-261 253
-226 125
-111 160
-196 201
50 5
-75 77
-179 118
-143 159
-195 187
-228 10
0 79
10 138
-108 153
-181 72
-147 30
78 91
-202 68
142 49
-130 68
-156 48
-79 135
-151 166
-172 15
-24 156
-99 110
-147 215
-155 10
183 9
-278 192
-145 209
-3 3
-223 234
-241 127
60 49
-184 135
-63 99
-75 71
-129 88
-170 84
9 85
-73 78
52 12
-243 167
-218 83
-65 42
40 125
-73 30
20 83
-277 16
-13 152
-110 38
-35 16
99 75
-164 93
-101 135
-174 122
-22 54
-101 92
-24 26
-8 14
-115 67
-94 109
-27 25
-15 119
-220 88
25 84
-143 31
0 157
-204 126
-140 93
-91 224
-134 23
-115 26
57 124
-104 95
-168 137
-43 55
-227 279
-221 211
-53 29
-227 190
-61 6
14 65
-141 119
-180 102
34 56
-57 61
-146 162
-197 122
-67 180
-233 110
2 45
11 3
-122 35
-134 86
48 103
-188 203
-148 80
-128 163
-50 28
-208 281
-225 216
-251 247
-32 58
-281 237
-164 148
-150 84
-81 181
-154 181
-214 9
-93 82
-15 31
74 18
-3 106
-294 58
65 120
-203 148
-123 30
-63 182
-97 136
-153 195
-275 130
-150 76
-69 66
76 74
-208 161
-12 96
-239 2
21 172
-65 50
-109 159
-201 128
-160 180
-66 80
-169 186
-73 91
-215 32
-14 184
-59 41
-154 218
-225 4
119 52
-72 111
-245 80
-67 216
-202 235
-117 38
-204 248
-115 109
-243 180
-58 24
-106 191
-210 72
-65 217
-64 13
-122 72
-98 68
5 73
-91 23
-23 130
-9 67
-277 102
-46 213
-175 164
-113 118
-242 199
-28 45
-159 81
-163 234
-100 54
5 74
-209 88
-140 23
-6 230
-163 172
-78 66
-166 42
72 32
-34 13
-63 18
-95 134
-199 222
-133 117
-198 225
-72 20
-124 143
-109 133
-219 52
39 186
-273 160
-146 40
19 153
-90 53
-183 101
-2 32
-145 102
-48 149
-114 109
-98 55
-87 198
-100 36
-209 140
-77 211
-198 123
-164 118
-70 164
-51 15
-164 90
-73 152
-58 7
-157 107
-51 27
-25 39
-79 28
41 26
-87 37
39 141
-236 163
29 67
-125 105
-83 33
-80 163
-110 5
-76 160
-80 65
-166 97
-50 156
-122 10
-65 116
-41 87
-101 88
-184 60
78 28
-208 205
-159 160
-102 79
-173 160
-144 44
-101 114
-80 242
-140 23
-30 40
-43 58
-57 102
-159 26
-63 215
-9 19
-253 10
217 9
-179 143
-146 162
-66 96
-138 78
-159 172
24 21
-165 87
-128 238
-258 74
95 19
28 4
-240 105
27 91
36 21
-290 35
57 119
-128 42
-80 99
40 10
7 26
-168 37
-78 153
-147 14
75 96
-148 52
83 18
-203 67
-51 229
-193 91
-12 103
-224 270
-119 30
-182 98
-34 198
-201 86
70 36
-197 112
-91 10
-63 54
28 65
-117 202
-113 36
-153 227
-133 122
-102 107
-216 216
-227 84
48 68
-124 9
-108 19
104 93
-138 122
-50 45
-140 188
-235 49
69 25
-117 169
-52 90
-35 57
-139 126
-171 183
-267 210
-211 266
-142 160
-186 96
-190 268
-253 51
-73 54
66 114
-156 28
-70 104
-21 4
49 62
-134 7
-49 174
-122 72
-110 26
-74 50
-3 196
-155 156
-220 101
-12 139
-138 4
-15 142
-250 71
121 68
-213 189
-172 63
-7 129
-213 115
-14 41
-25 107
-285 233
-29 45
-239 104
4 116
-136 129
-181 202
-210 133
-135 257
-238 149
-194 208
-140 183
-232 80
25 20
-85 53
64 46
-93 92
-111 88
-14 29
-163 174
-138 12
6 3
-101 244
-221 155
-138 172
-120 140
-210 120
-88 150
-15 5
-183 129
-122 238
-124 111
-224 40
55 26
30 71
-51 22
-189 63
36 8
-10 141
-271 162
-159 96
66 113
-188 149
-65 68
-241 152
-68 54
-109 249
-118 119
-259 98
-107 124
-113 10
6 23
-19 8
143 43
-141 103
-74 140
-185 134
-158 94
-138 60
165 22
-158 156
-40 64
-249 114
-89 10
42 169
-268 269
-104 18
14 6
-155 71
-35 148
-253 150
-144 191
39 41
-261 199
-8 75
-277 270
-152 96
-193 112
-71 164
-164 130
-144 142
-171 124
-9 51
-160 223
-244 25
147 52
-25 58
-248 118
-97 116
-46 79
-71 47
-97 58
-28 3
107 85
-124 71
-210 255
-177 52
-128 225
-238 45
-63 2
160 39
-75 83
-202 199
-161 144
-30 80
3 47
-100 108
-41 1
-129 21
-106 120
-100 161
-128 48
-71 203
-158 103
-74 47
-189 20
58 181
-142 109
-97 158
-249 98
-101 67
-53 93
-114 16
6 55
-72 31
31 79
-85 108
-25 48
-71 114
-239 269
-236 135
-183 69
106 3
57 9
-195 191
-226 145
-92 89
-9 78
-214 58
-61 148
-161 9
-6 180
-59 11
-139 4
32 157
54 19
-159 174
-241 147
-167 73
-47 39
10 25
113 59
-269 250
-228 22
-24 12
186 46
-100 45
-60 66
-188 182
-210 105
-128 3
133 115
-211 82
-53 123
-63 32
-135 255
-171 127
-216 174
74 8
-229 196
-197 172
-116 174
-49 66
-200 11
8 91
-175 103
-44 169
-101 46
-119 90
-141 24
-45 51
43 54
-134 114
-96 5
158 10
-135 76
4 9
-122 50
-49 104
-136 136
-70 134
-18 69
-83 32
-62 44
-149 96
-136 45
32 103
-109 155
-198 93
-46 202
-119 29
-183 132
-30 78
-149 209
-226 265
-127 74
-152 113
-59 79
-115 38
-47 70
79 47
-160 27
-139 66
44 87
-127 123
-105 15
-98 52
-27 160
10 30
-247 221
-227 155
-82 72
94 37
-79 35
-81 46
-22 22
68 5
-100 88
-207 139
-30 74
-182 234
-157 111
-29 54
-176 70
-162 17
3 213
-177 5
-52 205
-145 220
-61 37
-148 79
20 64
-251 253
-227 32
29 134
-207 32
10 8
-33 35
-73 205
-155 209
-209 109
-155 151
-108 43
105 69
-177 31
-2 32
-122 135
-77 115
-127 192
-261 239
-201 117
-111 37
79 52
-60 105
-62 23
-58 68
-165 172
-93 52
-141 105
30 51
-115 79
-215 40
10 55
-36 126
28 58
-198 145
-94 87
-158 20
110 14
-21 60
-191 223
-102 30
-211 245
-195 117
-122 174
-104 70
-84 143
-137 171
-129 92
-229 135
7 17
-46 3
-125 214
-105 170
-281 140
-148 12
-8 139
-42 103
-148 189
-161 202
-284 67
-55 9
-7 150
-100 78
-129 249
-154 106
-135 193
-91 41
-218 162
43 62
-230 222
9 12
-128 29
4 20
-16 75
-255 137
-60 56
-66 153
-92 41
-7 107
-172 32
-137 202
-201 264
-141 116
-113 156
-272 203
-185 53
-46 91
-1 7
-36 150
-206 75
-84 144
-150 70
-34 131
-172 160
-136 119
-169 92
31 15
-2 40
-68 187
-193 113
52 27
-276 115
67 64
-79 49
-234 8
-11 208
9 23
-153 196
-240 256
-251 173
-99 63
-131 60
-54 145
-11 15
-107 105
-122 182
-146 32
27 43
-82 101
-89 119
-142 19
102 39
-200 209
-285 204
-83 20
-92 19
41 62
-125 133
-180 254
-102 3
-85 138
-209 132
79 67
-227 75
-55 124
-121 36
92 23
-169 103
104 12
-257 42
64 69
-177 80
-100 190
-188 72
26 61
-54 175
-276 150
-126 16
-54 109
-51 147
-110 174
-139 127
-68 6
-187 14
29 139
-89 91
-119 81
92 29
-196 204
-191 20
-63 133
46 2
-209 128
-111 89
59 47
-119 90
-60 82
-69 127
-281 147
-108 59
-13 118
-164 99
114 21
-175 6
-53 97
-48 61
-23 73
26 29
-101 75
-202 233
-223 120
-114 96
74 62
-262 272
-76 48
-108 64
-183 225
-209 231
-243 173
-75 110
-185 201
-162 109
-89 139
-255 248
-82 42
-211 197
-69 107
-230 281
-113 74
-214 110
-92 53
-56 76
-40 175
-212 41
-21 43
-53 74
73 54
-242 151
-118 216
-233 11
20 120
-160 77
-88 85
104 8
-154 86
-37 52
-30 130
-140 138
-173 162
-253 24
205 55
-56 63
-180 55
-141 16
-36 142
117 25
-252 236
-227 227
-156 47
-151 204
-116 171
-273 276
-8 2
-150 94
-13 58
-184 217
-285 40
11 54
2 95
22 45
-252 9
74 164
-246 205
-51 79
-170 181
-169 105
-126 160
-206 252
-131 101
7 36
-147 141
-153 35
-94 203
-77 14
-25 79
-185 188
-205 152
-205 3
34 79
-126 45
97 39
19 46
-145 132
-95 146
-194 34
-47 174
-119 148
-268 28
15 57
-65 122
-166 274
-275 53
157 42
-224 255
-83 21
19 3
-198 227
-73 11
-79 22
-148 282
-96 92
-211 169
-193 222
-221 131
23 83
-140 125
-213 100
-112 104
-87 112
-37 142
-63 8
-206 14
-13 15
51 131
-147 140
-175 86
-28 173
-247 170
-129 157
12 9
-239 287
-291 119
-120 41
50 100
-149 101
-64 52
-46 165
-229 256
-216 99
-127 29
-22 186
-57 103
-236 33
-46 10
-9 263
-265 177
-119 183
-247 45
-58 288
-78 35
-181 10
-82 103
20 40
-139 103
-115 261
-254 72
-16 157
-107 70
-10 43
-161 87
-130 235
-179 11
163 44
-268 125
-155 164
-121 127
-137 205
-147 119
-135 135
-99 147
-211 150
-156 198
-165 33
-95 274
-35 19
-245 12
127 76
-160 110
-13 5
3 102
-222 228
-252 44
-19 113
-173 267
-204 200
-186 70
-16 33
-105 138
-182 259
-266 274
-235 135
-140 238
-186 190
-241 137
-182 134
-37 154
-239 230
-88 80
-124 93
-194 71
131 71
-210 187
-206 70
74 11
-118 121
-29 2
-181 274
-227 37
-39 208
-189 155
-85 61
-162 34
55 66
-73 156
-102 87
-147 54
-44 139
-254 108
-20 12
57 61
-203 262
-94 80
-153 10
-88 98
-113 132
-127 115
-87 147
-34 96
-177 45
-46 173
-54 17
-152 200
-28 32
-117 135
-242 29
-80 278
-161 132
-35 20
-33 87
-204 165
-197 231
-263 93
34 101
-152 111
-42 55
-206 225
-102 82
-141 194
-245 5
7 231
-101 99
-64 84
-269 55
-78 55
-28 46
118 61
-102 35
-88 46
-9 33
-123 117
-50 20
-109 31
89 51
-89 62
61 29
-146 5
-92 61
-65 113
-39 133
-118 24
-13 22
-71 3
78 24
48 36
-169 95
-170 203
-210 266
-237 228
-247 166
-19 110
-184 5
-12 107
-53 67
-173 145
-91 33
81 77
-266 244
-216 134
81 12
-215 98
-140 152
-56 184
-210 215
-131 82
-110 27
67 64
-70 42
-80 63
-237 30
-42 262
-184 31
32 24
-93 36
41 22
-141 166
30 67
-227 26
72 3
-139 259
-196 177
-159 166
-237 122
-159 93
-43 83
-57 167
-155 1
-58 210
-147 89
-137 239
-145 66
-142 196
-57 70
-224 93
44 3
-153 66
-102 179
-13 101
-242 205
-163 97
33 25
-196 193
-154 113
-157 42
46 28
-116 51
119 69
-250 256
-257 270
-154 164
-126 124
-181 183
-247 29
-67 240
-135 1
-6 104
-124 143
-108 53
-120 53
-5 70
-89 9
-85 247
-19 64
-236 68
-72 154
-155 198
-144 93
0 83
-263 67
-40 58
-60 198
-143 153
-172 102
-150 180
-176 44
31 57
39 4
-90 26
-16 76
52 20
-230 222
-271 221
-122 154
-237 52
-62 196
-68 21
-20 29
-154 239
-195 4
41 142
-120 38
-104 171
-207 209
-209 57
64 140
-278 82
-1 117
-10 43
-7 22
-129 118
-212 79
53 3
-9 108
-230 157
-188 232
-134 197
-117 3
-102 157
-203 186
-210 222
-155 203
-181 107
-190 220
-134 99
-166 181
-73 15
-113 7
31 93
0 79
-229 120
-138 24
54 51
-42 107
-169 207
-118 41
6 116
-243 20
70 139
-236 97
17 133
-83 64
-193 136
-111 160
-131 75
-81 129
-233 170
-31 11
-163 159
-56 58
120 10
-278 132
-42 3
-95 252
-112 31
-161 220
-190 209
-176 103
72 3
-92 12
-130 112
-142 239
-192 59
-69 161
-184 149
-66 10
-30 154
-247 274
-205 220
-256 247
-241 198
-212 40
-50 256
-238 34
-28 129
-117 61
-46 152
-159 133
-75 54
-100 94
-81 46
-14 117
-226 187
-83 168
-240 66
78 74
-210 25
36 16
75 58
-213 60
152 20
-246 23
23 97
-113 170
-215 53
-33 2
63 58
-126 216
-202 180
-227 87
-2 69
-135 42
98 76
-208 85
128 22
-255 270
-267 158
55 45
-270 259
-105 119
-47 32
-248 151
95 35
-289 240
-98 47
-152 156
-121 191
-257 6
56 161
-27 29
-169 114
-110 34
25 30
-88 122
-134 231
-112 24
-67 13
103 17
-256 111
-20 3
-8 183
-259 125
-103 66
-52 180
-24 51
-103 98
-181 62
-138 44
99 61
-119 192
-223 147
-72 5
-115 81
-49 198
-208 71
95 56
-152 128
-198 223
-173 4
-90 169
-148 132
-78 111
-191 279
-80 10
-134 159
-167 40
-68 92
4 94
-5 39
-51 27
-195 41
-1 108
-185 265
-257 159
-108 51
-121 195
33 38
-61 62
-159 172
-246 232
-23 22
-15 42
-213 123
-184 51
-18 132
-136 91
-33 58
-78 71
-48 178
-160 12
-123 218
-177 4
-36 137
-137 75
61 90
-131 118
-218 116
-25 177
-227 21
-70 60
23 75
-137 251
-264 232
-227 261
-80 14
-118 88
-46 54
-135 216
-278 11
43 81
-21 3
-27 18
76 18
-86 161
-249 64
47 141
-52 32
-101 43
-169 158
-180 54
12 156
-178 49
-31 209
-258 254
-188 5
60 69
-167 222
-250 126
-92 105
-126 33
99 58
-10 40
-177 134
35 36
-170 26
81 62
-278 67
-16 217
-226 14
52 22
-100 92
-48 135
-196 93
-100 201
-91 56
-124 36
89 57
-127 29
-11 4
-23 58
-33 85
-91 121
-3 41
-268 157
12 26
-216 210
-131 86
-131 38
-39 234
-77 19
-122 133
-214 213
-166 186
-143 126
-119 117
-224 25
-19 51
-23 124
-92 74
75 28
-175 29
-65 60
149 15
-152 194
-104 51
-126 162
-197 168
-209 161
-161 67
-82 221
-45 58
-169 118
-140 156
-33 12
-169 1
10 218
-190 201
-137 86
-214 43
78 35
-59 38
-126 162
-134 113
72 38
-234 65
-29 20
145 51
-244 135
-151 62
110 34
-203 44
33 95
-190 112
-100 16
98 62
-112 97
-16 63
-202 66
64 119
-165 11
97 59
-150 61
-171 217
-36 58
-247 187
-137 230
-149 58
-104 85
-168 66
91 59
-70 18
-141 14
34 88
-58 123
-209 63
55 5
-43 89
-64 30
-162 162
2 5
-154 233
-213 185
11 21
-97 10
84 39
-165 153
-232 1
4 2
16 86
-144 250
-17 21
-60 75
-117 90
-237 68
82 13
-105 90
-158 156
-66 39
-136 21
120 103
-29 62
-221 65
158 14
-222 165
-240 247
-214 206
-208 137
-143 8
46 206
-125 106
-13 12
-153 53
-59 180
-205 133
-147 60
-25 55
-25 130
-124 47
22 35
-117 39
-105 41
94 67
-158 189
-157 147
-184 142
-22 12
-205 71
-71 107
-129 186
-47 61
1 9
21 47
-268 83
106 79
-61 78
-182 177
-172 3
2 111
-76 114
-259 154
-93 189
-217 30
61 12
-147 259
-108 63
-97 128
-139 61
114 11
-237 61
-114 32
85 133
-217 223
-184 117
-159 68
131 35
-174 202
-165 53
-169 35
85 22
-20 157
-117 61
-129 7
-86 51
-4 105
-97 121
-188 238
-245 110
-101 52
93 13
15 83
-238 54
69 34
-58 153
-204 142
-54 100
-192 204
-264 36
192 25
-193 123
-200 279
-187 149
-118 98
-178 72
-120 11
64 100
-135 110
-51 107
-186 152
41 16
-188 224
-200 210
-124 35
9 13
-97 9
-87 180
1 71
-241 190
-50 48
-224 110
-2 20
-94 33
112 33
-149 8
205 9
-86 81
-124 10
-174 287
-279 53
-12 5
-50 279
-159 9
58 40
-88 33
79 37
-221 6
-50 135
-4 33
-194 34
162 3
-61 12
20 54
-178 192
-237 173
-137 186
-148 116
-34 141
-164 147
-136 12
-39 178
-140 91
-39 45
-41 33
-218 163
4 58
-175 90
-154 151
-34 89
-137 170
-118 143
-182 62
-64 188
-220 20
150 24
-89 82
-51 59
-193 225
-7 11
-165 125
-39 85
-104 52
-183 183
-203 111
-129 222
-182 184
-161 163
-140 78
-163 77
-71 26
136 5
-143 80
-46 40
30 28
-25 6
-134 161
-71 16
-103 217
-73 95
-82 26
-180 6
50 143
-8 48
-120 41
-124 23
104 7
-104 9
-62 210
-219 90
-117 144
-66 80
-31 36
101 12
-79 10
-225 165
-31 152
-104 83
-259 234
-61 80
-160 7
54 42
-63 139
-205 44
59 84
-255 124
-94 62
11 26
-97 54
-91 10
65 82
-140 69
-45 15
36 101
-184 130
-35 76
68 18
-26 2
-217 122
32 78
-100 141
-127 127
-235 157
-213 68
95 114
-106 64
-135 34
-134 165
-41 58
-163 121
-75 136
-52 117
-39 27
-239 19
-10 259
-238 169
-82 56
44 26
-55 86
-66 41
-32 35
-216 123
-173 278
-252 53
-18 151
-96 28
10 77
-175 7
-47 11
50 127
-60 24
-96 191
-221 117
-146 118
-49 185
-151 172
-45 45
-177 88
-168 140
-149 247
-109 13
-53 23
-63 170
-210 76
46 67
-100 69
-92 46
-151 255
-138 113
-145 36
-129 236
-212 143
-97 40
0 144
-192 92
20 119
-252 159
-64 4
8 22
64 48
-253 237
-261 115
-50 174
-239 36
-14 86
-32 13
40 116
-118 11
-127 60
153 60
-218 12
-6 106
-70 166
-61 27
-96 50
48 20
-242 256
-221 156
-212 118
-61 171
-159 112
-80 61
-72 195
-225 167
-202 32
15 215
-257 20
217 2
-250 212
-148 154
-12 7
-179 194
-155 184
-75 82
-222 108
-132 116
53 38
-132 137
-169 169
-251 234
-132 43
-71 102
-96 139
-77 75
-157 102
-10 69
-87 37
-161 83
-75 124
-100 23
11 169
-232 267
-95 43
-136 105
-113 180
-160 124
37 3
-230 104
-40 134
-217 271
-245 158
-197 207
-211 218
-42 83
-176 141
-156 200
-152 7
-57 2
37 40
-129 21
214 22
-250 68
10 159
16 1
-70 30
-155 203
-136 43
-173 187
-192 58
-2 52
123 1
-145 147
-155 83
-4 106
-159 73
-190 161
-96 76
-27 110
-51 117
-201 174
-107 112
-253 11
-11 35
120 1
-86 149
-120 87
-42 10
-40 115
-141 58
-101 211
-99 98
-172 93
-180 67
156 38
-175 117
-118 5
-108 4
190 81
-233 140
-163 61
-29 243
-257 216
-214 129
21 103
-282 270
-74 92
-221 185
-258 274
-265 142
21 86
-158 41
51 102
-48 42
-252 184
-184 116
-151 5
194 79
-176 124
-85 19
-160 189
-101 151
-227 180
-83 56
-49 56
-64 46
-16 156
-149 51
-88 49
-50 3
-113 115
-73 71
102 45
-222 144
-176 167
-122 222
-88 68
-168 31
-67 201
-51 54
-149 124
-207 10
-33 186
-186 200
-76 53
-136 110
-110 56
36 3
-3 131
-200 22
-13 30
41 33
32 66
-178 8
-48 196
-154 196
-271 109
-20 145
-208 96
-97 244
-258 159
-141 63
-99 254
-140 68
-182 111
9 136
-175 65
87 22
-240 163
-6 43
-43 105
-132 90
-251 273
-206 183
-87 16
-53 102
-104 160
-178 61
35 73
-217 124
64 52
-246 176
-113 34
46 1
-129 147
-126 198
-37 17
-252 31
-27 136
16 70
-15 32
-60 27
-96 82
-203 167
-159 135
11 57
-65 48
-79 139
-214 229
-29 23
-179 28
-94 3
19 161
-199 178
-85 144
-130 76
-47 127
-117 120
-242 200
-115 52
-45 131
-115 83
-138 186
-226 155
-180 29
156 86
-237 17
49 122
-148 127
-143 107
-106 53
-51 187
-72 95
-163 146
-181 192
-11 19
-213 37
60 56
-113 58
-24 132
-231 98
-129 205
-149 142
-103 10
26 132
-183 99
-161 141
-177 12
39 122
-177 167
-135 56
-89 237
-89 63
-71 43
-1 14
-125 39
-87 208
-204 145
-162 24
101 118
-226 213
-144 114
-183 142
-160 169
-25 142
-255 56
-88 199
-50 12
-156 142
-116 92
-120 74
181 17
-39 23
-168 161
-145 101
-71 99
-115 115
-171 159
-70 43
-201 66
-72 292
-290 293
-184 48
-111 204
-206 64
182 2
-149 74
-141 152
-88 108
-78 126
-161 11
68 12
-17 18
-24 17
-126 4
31 64
-59 61
-84 139
-172 188
-211 26
112 78
-173 186
-231 62
66 36
-93 72
-109 42
-112 250
-211 201
-174 122
14 41
-35 26
-165 77
-79 4
8 40
30 115
-123 52
-200 163
-163 135
-109 232
-100 89
-50 73
-197 114
-53 69
-156 140
22 24
-74 121
-286 273
-161 168
-212 126
-192 58
203 27
-110 28
-190 74
91 54
-205 197
-60 69
-182 121
-120 37
42 21
29 7
-16 66
-123 122
-36 50
-206 224
-129 113
-222 6
-28 63
98 109
-233 215
-58 55
-238 18
-7 17
10 143
-130 168
-225 33
-2 231
-239 100
2 54
-112 78
-126 87
38 125
-287 36
-23 182
-113 136
-11 28
-27 56
-76 41
-59 45
-43 68
-136 37
-11 40
-142 241
-106 10
-156 184
-104 110
-198 94
-38 120
-153 198
2 16
-96 102
-124 106
-109 68
-96 72
-160 212
-203 125
-2 52
-201 4
78 63
-58 208
-201 63
-111 223
-83 61
-229 18
214 27
-216 1
-57 193
4 28
-69 87
-52 79
-233 237
-213 25
-73 189
-120 126
-64 60
-163 113
-45 54
20 69
-217 160
-7 55
-190 202
-255 156
-56 187
-285 254
-236 102
-89 252
-133 99
-38 9
-186 78
45 35
52 34
-231 236
-277 190
-26 57
-235 150
-140 234
-95 58
-199 58
23 83
-76 156
-23 56
-124 37
-115 153
-123 26
37 110
-249 158
15 73
-205 134
-92 23
-116 20
8 64
-119 164
-11 28
-102 219
-187 151
-181 121
-62 121
-196 63
-61 112
-87 115
-178 240
-57 62
-207 231
-122 49
-179 197
-174 219
-79 18
-222 273
-196 32
-43 28
-81 246
-25 58
-149 111
-237 117
-35 23
-22 113
-154 202
-263 127
-125 286
-189 156
-111 8
60 20
-130 34
-134 247
-188 157
-192 200
-138 22
8 27
-130 78
-18 171
-223 195
-36 5
-128 147
-192 174
-60 137
-141 56
-89 196
-181 77
-146 14
44 34
-32 24
89 65
-272 201
-158 233
-273 205
-98 34
-78 202
10 13
-268 214
-161 51
-31 64
58 55
-56 51
-143 150
-190 35
-74 243
-225 164
-229 71
177 20
-177 149
-158 77
-33 131
-195 5
123 97
-124 21
-176 73
-73 47
136 96
-257 207
-46 49
-172 201
-113 116
-112 117
-198 54
-20 113
-39 26
-96 57
-170 278
-96 41
-50 15
-185 81
-19 220
-242 91
-141 196
-72 71
-17 87
-69 53
-238 5
52 224
-228 218
-166 35
63 81
-284 47
43 116
-163 23
-5 49
-92 153
65 39
-236 73
-52 140
-28 50
-83 48
-47 14
-43 39
-3 8
-101 47
-20 79
-99 97
-90 127
19 39
-93 52
-125 64
51 40
-125 134
-159 173
-171 82
-180 111
-120 207
-77 41
-87 178
-193 30
86 83
-199 185
-167 203
-43 25
-225 147
34 20
-222 201
-185 230
-106 56
-200 65
38 46
-70 98
11 33
-191 189
-184 172
-179 244
-228 56
-69 95
-95 28
-26 156
-188 86
90 55
-89 26
-129 92
-153 11
53 121
-111 157
-230 219
-109 148
-37 53
-26 36
-205 51
67 54
-171 132
43 9
-238 209
2 52
-268 170
88 13
-246 137
-136 33
42 79
-13 92
-248 4
54 34
25 146
-287 59
146 77
-280 268
-214 213
-114 63
-70 135
-247 167
-103 33
-119 65
90 88
-173 88
-161 125
-79 59
-104 160
-171 152
-101 88
-126 58
167 2
-186 130
-174 33
79 147
-80 53
-206 225
-237 229
-234 9
-18 61
-10 69
-132 73
121 44
-13 61
-236 168
22 1
-181 108
93 22
-231 164
-192 169
-153 207
-131 150
-217 162
-220 74
-68 27
168 23
-202 220
-166 114
-185 274
-243 120
18 82
-110 116
-116 123
-118 130
-84 18
38 34
-165 29
-11 79
-72 39
-4 52
-168 155
-195 109
-58 16
-46 236
-264 21
130 78
-205 26
27 86
-126 43
21 127
-200 184
-109 147
-86 16
-76 50
-49 169
-90 4
-195 162
-4 43
-16 7
-78 103
-223 232
-199 59
-29 47
-63 135
-188 191
-14 12
-140 123
-48 168
-193 48
-140 47
-48 188
43 15
-99 28
-94 110
-35 102
-63 6
-22 59
-235 76
166 15
-235 35
72 96
-66 11
7 5
-90 64
-166 197
-188 17
-26 57
-43 72
108 24
-20 63
-213 220
-188 54
-6 59
-48 35
-11 129
-161 38
-156 28
78 153
-75 89
-166 94
-178 191
-4 21
-223 91
165 20
-45 19
-50 26
-175 99
-110 151
-117 77
52 9
-130 122
-185 52
-47 241
-41 29
-216 155
-167 184
-226 26
170 52
-39 12
-150 76
-100 92
-109 109
63 60
-1 13
-198 161
-204 156
-161 239
-172 7
87 86
-265 52
78 33
-57 51
-70 144
-177 100
-141 37
-53 151
30 78
-161 124
-157 70
-77 31
-90 244
-155 61
-130 214
-186 206
-172 33
-27 43
-113 5
-21 250
-10 24
-262 174
-96 175
-221 242
-106 88
-198 213
-116 95
-213 131
-57 112
-235 293
-227 9
-66 120
-10 169
-270 215
-195 166
-173 192
-129 14
-38 133
-32 118
-60 5
-136 185
-242 107
-91 44
14 127
-71 22
-97 173
-8 34
-102 37
-114 137
-230 191
26 1
-131 139
-87 16
-96 214
-224 148
-102 130
-173 133
-171 232
-185 117
-81 72
-151 87
73 45
-106 75
-139 12
12 98
55 7
-231 259
-170 65
41 24
-247 285
-181 141
-161 186
-225 15
167 2
-212 141
-38 38
-74 36
0 76
-105 153
-120 53
-122 228
-200 177
-218 120
-142 128
-60 167
-218 179
-165 109
84 39
-198 26
-54 31
23 184
-248 28
85 107
-74 58
-102 111
-203 66
-60 181
-6 6
-247 190
-135 133
79 1
-248 64
94 81
-87 42
-203 206
-129 198
-204 28
-93 3
5 6
-31 262
-211 202
-246 227
-229 214
-110 56
-19 33
-79 30
-66 201
-255 130
-47 111
-5 31
14 18
-131 16
-3 25
-17 146
-196 24
-122 29
91 105
12 1
-149 36
-98 142
4 87
-257 167
-120 85
-107 263
-104 38
-2 69
-157 46
10 38
-225 26
35 113
-111 148
-12 46
-174 156
-156 50
-41 44
-101 144
-173 122
-52 78
17 2
-157 38
1 56
48 141
-248 207
-150 81
-176 76
103 56
-134 150
-119 128
-210 123
-163 158
39 74
-146 13
-130 193
-59 125
-60 41
-161 68
-30 47
-69 154
-197 208
-235 85
-128 31
158 59
-222 187
-130 142
-38 53
-207 96
-97 123
-91 146
-87 110
-233 99
-18 16
-11 187
-221 149
-41 96
-248 267
-210 166
-207 108
-100 235
-141 109
-228 260
-54 7
-204 16
141 71
-131 45
70 27
-102 13
-138 200
-105 108
21 29
-153 17
-56 102
-94 31
-118 246
-106 52
-90 129
-249 238
-133 101
4 23
-157 86
-119 207
8 18
-189 42
-71 34
107 87
-102 90
-273 7
45 91
-135 127
-92 113
-153 14
123 16
-8 141
-260 185
-113 164
-199 148
-82 124
-52 80
-164 17
80 53
-73 77
-73 28
-148 114
-115 66
-46 11
53 46
-193 65
-66 82
-35 101
-62 166
-166 61
-133 224
-242 161
-61 104
-115 26
148 7
-202 168
-231 79
91 23
-199 50
170 47
-206 223
-239 36
43 57
-166 66
127 22
-226 220
-40 76
-212 225
-237 216
-95 73
-201 44
61 87
-56 22
-156 214
-75 37
-101 139
-27 13
8 39
-188 31
-41 101
-181 61
86 74
-118 179
-157 119
-54 11
-190 178
-59 113
-253 129
-129 190
-20 42
43 40
-217 55
-109 138
-130 154
-66 133
-135 105
-29 89
-275 187
-195 33
-6 74
99 85
-113 48
-141 126
-165 128
-50 56
-124 192
-32 22
-215 20
9 139
-185 149
-27 125
-184 197
-93 77
-70 32
-87 36
-119 143
-88 115
-146 212
-105 99
-168 88
-41 25
-119 155
-106 148
-172 123
-101 55
-1 118
-151 12
-57 20
87 85
-236 105
-110 153
-135 134
-75 54
-34 159
-183 97
-162 88
-30 126
-218 118
-60 165
-45 100
-274 278
-182 155
-98 30
-122 168
-7 37
-16 36
-256 212
-159 192
-216 212
-270 290
-185 113
-99 153
-215 14
63 12
-26 58
33 82
-213 174
-207 188
-29 72
-226 214
-176 7
-84 117
-107 90
4 126
-91 50
-62 144
-94 26
-169 160
-60 70
-61 68
-95 29
-104 35
107 68
-265 15
131 148
-119 116
-40 1
-29 39
-80 77
-68 54
-161 123
39 48
-287 190
-20 109
-160 149
-141 83
-171 192
-110 159
-8 9
-258 170
-200 135
-128 49
-10 197
-219 224
-214 223
-151 157
-192 15
-73 158
-100 127
-63 84
-152 111
-59 26
-140 64
-23 28
45 41
-110 242
-170 68
-78 153
-105 11
-166 55
-58 198
-157 79
-122 156
-146 111
-2 130
-217 234
-112 29
35 72
-93 11
-160 70
6 57
-110 200
-76 77
-43 57
-268 40
-43 64
-69 114
-29 87
-40 15
-72 84
-13 79
-216 34
-34 154
-6 109
-48 48
-228 242
-167 75
-178 68
122 46
-5 7
-233 222
-167 127
-169 204
-106 121
-162 2
-26 11
-5 15
85 90
-210 58
75 66
-236 91
-111 161
-114 42
8 202
-215 154
-10 40
-240 200
-129 92
-189 116
89 83
-185 37
19 86
-145 53
-117 178
-196 87
-100 21
68 159
-95 105
-238 229
13 10
-127 83
-40 9
-126 112
-95 179
-168 24
-37 45
98 39
-271 224
-169 231
-112 110
-84 44
-244 53
6 57
22 102
-140 51
33 90
-151 61
-36 12
70 62
-165 91
-191 186
-123 153
-246 142
-94 116
-8 28
-164 248
-212 236
-242 203
-36 12
-137 104
-17 63
-208 77
-44 128
-148 129
-25 93
-152 7
73 77
-210 110
-136 57
-43 242
-257 209
-129 158
-102 5
-74 199
-239 206
-193 1
0 117
-92 80
-45 10
48 79
-121 81
-153 157
-157 149
-74 17
-27 162
-160 139
-203 115
-176 269
-178 28
57 42
-208 158
-109 134
-186 290
-296 187
-65 142
